0
414
0 A 134 863
1 B 174 863
2 C 182 835
3 D 182 808
4 E 184 778
5 F 190 758
6 G 190 732
7 H 192 702
8 I 204 672
9 J 204 644
10 K 231 640
11 L 248 640
12 M 276 640
13 N 310 640
14 O 328 640
15 P 330 663
16 Q 331 690
17 R 334 704
18 S 344 732
19 T 346 758
20 U 348 782
21 V 350 816
22 W 355 842
23 X 358 862
24 Y 402 867
25 Z 402 828
26 AA 392 792
27 AB 390 762
28 AC 388 738
29 AD 390 718
30 AE 379 691
31 AF 375 663
32 AG 374 630
33 AH 368 610
34 AI 360 582
35 AJ 358 543
36 AK 350 511
37 AL 344 467
38 AM 342 439
39 AN 339 410
40 AO 332 375
41 AP 327 344
42 AQ 322 315
43 AR 320 274
44 AS 312 248
45 AT 310 216
46 AU 307 183
47 AV 298 152
48 AW 296 123
49 AX 296 102
50 AY 271 102
51 AZ 244 102
52 BA 244 131
53 BB 239 154
54 BC 239 184
55 BD 231 214
56 BE 223 238
57 BF 223 268
58 BG 219 298
59 BH 210 335
60 BI 207 375
61 BJ 204 400
62 BK 198 420
63 BL 195 455
64 BM 191 486
65 BN 180 515
66 BO 176 551
67 BP 175 583
68 BQ 168 616
69 BR 163 655
70 BS 158 698
71 BT 151 724
72 BU 151 752
73 BV 139 790
74 BW 139 819
75 BX 224 550
76 BY 254 554
77 BZ 280 554
78 CA 310 554
79 CB 308 531
80 CC 306 503
81 CD 304 480
82 CE 303 454
83 CF 295 431
84 CG 291 398
85 CH 288 368
86 CI 283 332
87 CJ 282 312
88 CK 278 280
89 CL 274 259
90 CM 267 232
91 CN 262 264
92 CO 259 286
93 CP 255 303
94 CQ 252 335
95 CR 248 359
96 CS 244 387
97 CT 244 402
98 CU 243 427
99 CV 234 444
100 CW 232 476
101 CX 228 494
102 CY 220 518
103 CZ 436 106
104 DA 475 106
105 DB 474 134
106 DC 474 167
107 DD 476 194
108 DE 476 220
109 DF 476 259
110 DG 476 288
111 DH 475 322
112 DI 475 358
113 DJ 475 394
114 DK 476 431
115 DL 478 463
116 DM 478 495
117 DN 478 531
118 DO 478 567
119 DP 478 602
120 DQ 478 639
121 DR 478 674
122 DS 476 706
123 DT 476 732
124 DU 479 771
125 DV 476 814
126 DW 476 842
127 DX 476 866
128 DY 442 864
129 DZ 438 832
130 EA 439 802
131 EB 439 780
132 EC 440 758
133 ED 439 728
134 EE 439 699
135 EF 439 670
136 EG 438 634
137 EH 438 608
138 EI 436 590
139 EJ 438 560
140 EK 438 534
141 EL 438 507
142 EM 439 478
143 EN 438 451
144 EO 438 420
145 EP 442 388
146 EQ 438 359
147 ER 438 328
148 ES 436 304
149 ET 438 276
150 EU 436 246
151 EV 438 220
152 EW 438 192
153 EX 436 167
154 EY 436 134
155 EZ 684 684
156 FA 722 686
157 FB 722 715
158 FC 716 747
159 FD 710 774
160 FE 699 796
161 FF 692 818
162 FG 683 839
163 FH 658 863
164 FI 631 879
165 FJ 606 884
166 FK 583 866
167 FL 567 850
168 FM 558 826
169 FN 546 806
170 FO 536 779
171 FP 531 751
172 FQ 526 715
173 FR 524 688
174 FS 523 664
175 FT 523 639
176 FU 520 616
177 FV 520 588
178 FW 520 555
179 FX 520 522
180 FY 523 488
181 FZ 523 464
182 GA 534 432
183 GB 543 406
184 GC 554 370
185 GD 560 340
186 GE 575 318
187 GF 606 310
188 GG 632 300
189 GH 662 310
190 GI 671 330
191 GJ 687 355
192 GK 704 387
193 GL 712 420
194 GM 724 447
195 GN 730 482
196 GO 727 511
197 GP 728 539
198 GQ 730 567
199 GR 727 604
200 GS 710 616
201 GT 682 618
202 GU 642 620
203 GV 615 620
204 GW 590 622
205 GX 559 618
206 GY 560 659
207 GZ 564 694
208 HA 572 727
209 HB 583 752
210 HC 595 784
211 HD 622 794
212 HE 646 788
213 HF 660 762
214 HG 670 744
215 HH 672 731
216 HI 563 535
217 HJ 588 540
218 HK 607 540
219 HL 627 540
220 HM 650 540
221 HN 686 539
222 HO 680 510
223 HP 680 491
224 HQ 676 468
225 HR 670 446
226 HS 668 426
227 HT 650 399
228 HU 628 382
229 HV 606 386
230 HW 587 408
231 HX 580 428
232 HY 574 455
233 HZ 563 479
234 IA 562 502
235 IB 740 860
236 IC 766 866
237 ID 796 866
238 IE 800 834
239 IF 804 796
240 IG 811 767
241 IH 827 730
242 II 832 702
243 IJ 844 667
244 IK 854 702
245 IL 856 726
246 IM 866 752
247 IN 871 774
248 IO 879 802
249 IP 887 832
250 IQ 896 856
251 IR 922 860
252 IS 948 862
253 IT 940 832
254 IU 930 802
255 IV 927 767
256 IW 918 742
257 IX 908 719
258 IY 902 690
259 IZ 894 662
260 JA 886 636
261 JB 878 615
262 JC 867 584
263 JD 878 552
264 JE 890 516
265 JF 900 476
266 JG 906 448
267 JH 912 418
268 JI 922 382
269 JJ 935 352
270 JK 944 299
271 JL 924 303
272 JM 899 303
273 JN 890 331
274 JO 883 368
275 JP 868 403
276 JQ 859 431
277 JR 851 467
278 JS 838 502
279 JT 834 460
280 JU 827 423
281 JV 820 404
282 JW 815 382
283 JX 807 354
284 JY 800 328
285 JZ 795 310
286 KA 770 308
287 KB 747 308
288 KC 755 343
289 KD 762 372
290 KE 764 388
291 KF 776 420
292 KG 782 456
293 KH 792 487
294 KI 802 514
295 KJ 804 540
296 KK 816 576
297 KL 812 610
298 KM 804 636
299 KN 798 663
300 KO 788 698
301 KP 774 728
302 KQ 770 759
303 KR 759 784
304 KS 752 811
305 KT 982 107
306 KU 1022 106
307 KV 1022 140
308 KW 1022 171
309 KX 1022 215
310 KY 980 214
311 KZ 980 190
312 LA 982 159
313 LB 980 131
314 LC 983 314
315 LD 982 354
316 LE 979 394
317 LF 979 424
318 LG 979 459
319 LH 979 492
320 LI 982 524
321 LJ 982 560
322 LK 978 590
323 LL 982 624
324 LM 982 652
325 LN 982 682
326 LO 979 723
327 LP 980 756
328 LQ 980 787
329 LR 978 823
330 LS 979 862
331 LT 1015 864
332 LU 1018 832
333 LV 1018 796
334 LW 1018 760
335 LX 1018 734
336 LY 1018 702
337 LZ 1020 668
338 MA 1020 632
339 MB 1018 599
340 MC 1018 574
341 MD 1019 542
342 ME 1019 514
343 MF 1018 486
344 MG 1016 460
345 MH 1019 420
346 MI 1019 386
347 MJ 1020 355
348 MK 1020 328
349 ML 1020 310
350 MM 1099 690
351 MN 1062 686
352 MO 1062 716
353 MP 1063 754
354 MQ 1068 782
355 MR 1078 808
356 MS 1086 839
357 MT 1108 862
358 MU 1142 883
359 MV 1176 882
360 MW 1206 863
361 MX 1224 835
362 MY 1232 811
363 MZ 1239 775
364 NA 1243 751
365 NB 1243 724
366 NC 1247 690
367 ND 1247 651
368 NE 1243 624
369 NF 1226 591
370 NG 1211 570
371 NH 1178 548
372 NI 1152 530
373 NJ 1132 511
374 NK 1115 480
375 NL 1114 443
376 NM 1115 411
377 NN 1132 391
378 NO 1160 380
379 NP 1183 394
380 NQ 1191 420
381 NR 1200 442
382 NS 1202 475
383 NT 1235 475
384 NU 1244 432
385 NV 1240 402
386 NW 1227 370
387 NX 1216 338
388 NY 1199 315
389 NZ 1180 303
390 OA 1144 294
391 OB 1116 302
392 OC 1107 326
393 OD 1087 356
394 OE 1086 383
395 OF 1075 408
396 OG 1067 448
397 OH 1067 480
398 OI 1067 508
399 OJ 1071 547
400 OK 1094 578
401 OL 1118 604
402 OM 1143 622
403 ON 1166 632
404 OO 1191 651
405 OP 1203 686
406 OQ 1208 716
407 OR 1204 755
408 OS 1194 779
409 OT 1172 798
410 OU 1144 798
411 OV 1120 782
412 OW 1108 751
413 OX 1103 726
414
0 0 1
1 1 2
2 2 3
3 3 4
4 4 5
5 5 6
6 6 7
7 7 8
8 8 9
9 9 10
10 10 11
11 11 12
12 12 13
13 13 14
14 14 15
15 15 16
16 16 17
17 17 18
18 18 19
19 19 20
20 20 21
21 21 22
22 22 23
23 23 24
24 24 25
25 25 26
26 26 27
27 27 28
28 28 29
29 29 30
30 30 31
31 31 32
32 32 33
33 33 34
34 34 35
35 35 36
36 36 37
37 37 38
38 38 39
39 39 40
40 40 41
41 41 42
42 42 43
43 43 44
44 44 45
45 45 46
46 46 47
47 47 48
48 48 49
49 49 50
50 50 51
51 51 52
52 52 53
53 53 54
54 54 55
55 55 56
56 56 57
57 57 58
58 58 59
59 59 60
60 60 61
61 61 62
62 62 63
63 63 64
64 64 65
65 65 66
66 66 67
67 67 68
68 68 69
69 69 70
70 70 71
71 71 72
72 72 73
73 73 74
74 74 0
75 75 76
76 76 77
77 77 78
78 78 79
79 79 80
80 80 81
81 81 82
82 82 83
83 83 84
84 84 85
85 85 86
86 86 87
87 87 88
88 88 89
89 89 90
90 90 91
91 91 92
92 92 93
93 93 94
94 94 95
95 95 96
96 96 97
97 97 98
98 98 99
99 99 100
100 100 101
101 101 102
102 102 75
103 103 104
104 104 105
105 105 106
106 106 107
107 107 108
108 108 109
109 109 110
110 110 111
111 111 112
112 112 113
113 113 114
114 114 115
115 115 116
116 116 117
117 117 118
118 118 119
119 119 120
120 120 121
121 121 122
122 122 123
123 123 124
124 124 125
125 125 126
126 126 127
127 127 128
128 128 129
129 129 130
130 130 131
131 131 132
132 132 133
133 133 134
134 134 135
135 135 136
136 136 137
137 137 138
138 138 139
139 139 140
140 140 141
141 141 142
142 142 143
143 143 144
144 144 145
145 145 146
146 146 147
147 147 148
148 148 149
149 149 150
150 150 151
151 151 152
152 152 153
153 153 154
154 154 103
155 155 156
156 156 157
157 157 158
158 158 159
159 159 160
160 160 161
161 161 162
162 162 163
163 163 164
164 164 165
165 165 166
166 166 167
167 167 168
168 168 169
169 169 170
170 170 171
171 171 172
172 172 173
173 173 174
174 174 175
175 175 176
176 176 177
177 177 178
178 178 179
179 179 180
180 180 181
181 181 182
182 182 183
183 183 184
184 184 185
185 185 186
186 186 187
187 187 188
188 188 189
189 189 190
190 190 191
191 191 192
192 192 193
193 193 194
194 194 195
195 195 196
196 196 197
197 197 198
198 198 199
199 199 200
200 200 201
201 201 202
202 202 203
203 203 204
204 204 205
205 205 206
206 206 207
207 207 208
208 208 209
209 209 210
210 210 211
211 211 212
212 212 213
213 213 214
214 214 215
215 215 155
216 216 217
217 217 218
218 218 219
219 219 220
220 220 221
221 221 222
222 222 223
223 223 224
224 224 225
225 225 226
226 226 227
227 227 228
228 228 229
229 229 230
230 230 231
231 231 232
232 232 233
233 233 234
234 234 216
235 235 236
236 236 237
237 237 238
238 238 239
239 239 240
240 240 241
241 241 242
242 242 243
243 243 244
244 244 245
245 245 246
246 246 247
247 247 248
248 248 249
249 249 250
250 250 251
251 251 252
252 252 253
253 253 254
254 254 255
255 255 256
256 256 257
257 257 258
258 258 259
259 259 260
260 260 261
261 261 262
262 262 263
263 263 264
264 264 265
265 265 266
266 266 267
267 267 268
268 268 269
269 269 270
270 270 271
271 271 272
272 272 273
273 273 274
274 274 275
275 275 276
276 276 277
277 277 278
278 278 279
279 279 280
280 280 281
281 281 282
282 282 283
283 283 284
284 284 285
285 285 286
286 286 287
287 287 288
288 288 289
289 289 290
290 290 291
291 291 292
292 292 293
293 293 294
294 294 295
295 295 296
296 296 297
297 297 298
298 298 299
299 299 300
300 300 301
301 301 302
302 302 303
303 303 304
304 304 235
305 305 306
306 306 307
307 307 308
308 308 309
309 309 310
310 310 311
311 311 312
312 312 313
313 313 305
314 314 315
315 315 316
316 316 317
317 317 318
318 318 319
319 319 320
320 320 321
321 321 322
322 322 323
323 323 324
324 324 325
325 325 326
326 326 327
327 327 328
328 328 329
329 329 330
330 330 331
331 331 332
332 332 333
333 333 334
334 334 335
335 335 336
336 336 337
337 337 338
338 338 339
339 339 340
340 340 341
341 341 342
342 342 343
343 343 344
344 344 345
345 345 346
346 346 347
347 347 348
348 348 349
349 349 314
350 350 351
351 351 352
352 352 353
353 353 354
354 354 355
355 355 356
356 356 357
357 357 358
358 358 359
359 359 360
360 360 361
361 361 362
362 362 363
363 363 364
364 364 365
365 365 366
366 366 367
367 367 368
368 368 369
369 369 370
370 370 371
371 371 372
372 372 373
373 373 374
374 374 375
375 375 376
376 376 377
377 377 378
378 378 379
379 379 380
380 380 381
381 381 382
382 382 383
383 383 384
384 384 385
385 385 386
386 386 387
387 387 388
388 388 389
389 389 390
390 390 391
391 391 392
392 392 393
393 393 394
394 394 395
395 395 396
396 396 397
397 397 398
398 398 399
399 399 400
400 400 401
401 401 402
402 402 403
403 403 404
404 404 405
405 405 406
406 406 407
407 407 408
408 408 409
409 409 410
410 410 411
411 411 412
412 412 413
413 413 350
