0
483
0 A 115 122
1 B 138 123
2 C 150 98
3 D 156 76
4 E 166 54
5 F 182 28
6 G 186 6
7 H 167 4
8 I 147 2
9 J 142 18
10 K 140 38
11 L 135 55
12 M 127 74
13 N 123 91
14 O 116 107
15 P 51 171
16 Q 51 192
17 R 52 219
18 S 52 244
19 T 51 270
20 U 51 298
21 V 52 318
22 W 51 340
23 X 54 367
24 Y 52 390
25 Z 54 412
26 AA 52 432
27 AB 52 459
28 AC 55 487
29 AD 54 518
30 AE 52 540
31 AF 54 570
32 AG 54 598
33 AH 54 624
34 AI 54 650
35 AJ 51 674
36 AK 51 700
37 AL 51 722
38 AM 51 747
39 AN 54 774
40 AO 80 779
41 AP 100 780
42 AQ 124 783
43 AR 146 782
44 AS 171 783
45 AT 192 783
46 AU 220 778
47 AV 244 780
48 AW 247 752
49 AX 246 728
50 AY 246 702
51 AZ 223 702
52 BA 203 702
53 BB 179 703
54 BC 160 703
55 BD 139 703
56 BE 120 703
57 BF 102 703
58 BG 90 699
59 BH 90 683
60 BI 90 662
61 BJ 90 632
62 BK 90 600
63 BL 91 575
64 BM 91 542
65 BN 90 518
66 BO 91 498
67 BP 115 500
68 BQ 136 500
69 BR 156 502
70 BS 183 502
71 BT 211 502
72 BU 230 503
73 BV 231 482
74 BW 232 456
75 BX 232 427
76 BY 207 426
77 BZ 180 426
78 CA 152 426
79 CB 127 426
80 CC 114 426
81 CD 92 424
82 CE 91 403
83 CF 90 379
84 CG 88 355
85 CH 88 331
86 CI 90 306
87 CJ 90 290
88 CK 88 262
89 CL 88 243
90 CM 108 247
91 CN 127 247
92 CO 151 247
93 CP 170 244
94 CQ 196 244
95 CR 219 247
96 CS 242 244
97 CT 244 219
98 CU 247 198
99 CV 246 171
100 CW 214 167
101 CX 190 166
102 CY 167 166
103 CZ 134 166
104 DA 110 167
105 DB 90 168
106 DC 74 168
107 DD 292 211
108 DE 296 236
109 DF 295 256
110 DG 294 276
111 DH 294 300
112 DI 294 318
113 DJ 287 332
114 DK 270 332
115 DL 270 348
116 DM 267 367
117 DN 266 390
118 DO 284 392
119 DP 290 416
120 DQ 291 446
121 DR 292 472
122 DS 292 500
123 DT 292 523
124 DU 292 547
125 DV 292 574
126 DW 294 596
127 DX 290 618
128 DY 292 644
129 DZ 291 668
130 EA 291 694
131 EB 291 712
132 EC 294 738
133 ED 299 755
134 EE 312 775
135 EF 328 776
136 EG 346 774
137 EH 355 756
138 EI 356 731
139 EJ 356 722
140 EK 344 716
141 EL 334 700
142 EM 328 676
143 EN 327 651
144 EO 327 626
145 EP 328 600
146 EQ 326 578
147 ER 327 550
148 ES 327 523
149 ET 330 496
150 EU 327 463
151 EV 326 438
152 EW 326 415
153 EX 326 400
154 EY 347 398
155 EZ 352 376
156 FA 352 351
157 FB 354 338
158 FC 328 331
159 FD 324 302
160 FE 323 272
161 FF 326 243
162 FG 326 222
163 FH 320 208
164 FI 388 254
165 FJ 420 254
166 FK 420 228
167 FL 420 204
168 FM 420 187
169 FN 418 167
170 FO 390 167
171 FP 390 187
172 FQ 388 204
173 FR 388 227
174 FS 390 336
175 FT 387 364
176 FU 390 396
177 FV 388 430
178 FW 388 456
179 FX 388 484
180 FY 388 522
181 FZ 387 558
182 GA 388 586
183 GB 388 612
184 GC 387 643
185 GD 387 670
186 GE 387 696
187 GF 387 724
188 GG 387 750
189 GH 387 780
190 GI 420 783
191 GJ 420 760
192 GK 420 722
193 GL 423 698
194 GM 423 675
195 GN 422 656
196 GO 422 628
197 GP 422 606
198 GQ 422 586
199 GR 419 551
200 GS 418 519
201 GT 423 488
202 GU 423 458
203 GV 423 428
204 GW 423 396
205 GX 423 374
206 GY 423 347
207 GZ 419 331
208 HA 596 636
209 HB 624 636
210 HC 627 664
211 HD 624 683
212 HE 618 706
213 HF 615 724
214 HG 594 750
215 HH 572 782
216 HI 551 792
217 HJ 526 791
218 HK 503 778
219 HL 491 751
220 HM 479 726
221 HN 468 686
222 HO 462 666
223 HP 464 634
224 HQ 462 612
225 HR 455 576
226 HS 456 548
227 HT 456 512
228 HU 456 484
229 HV 466 451
230 HW 466 416
231 HX 479 392
232 HY 492 364
233 HZ 510 335
234 IA 538 320
235 IB 559 323
236 IC 580 340
237 ID 600 362
238 IE 614 388
239 IF 620 415
240 IG 628 447
241 IH 631 479
242 II 635 514
243 IJ 635 543
244 IK 632 575
245 IL 615 579
246 IM 604 579
247 IN 578 580
248 IO 559 580
249 IP 535 580
250 IQ 512 580
251 IR 492 579
252 IS 494 602
253 IT 494 628
254 IU 499 659
255 IV 507 686
256 IW 515 707
257 IX 536 720
258 IY 568 716
259 IZ 576 699
260 JA 588 672
261 JB 495 518
262 JC 523 520
263 JD 548 519
264 JE 574 518
265 JF 596 518
266 JG 594 490
267 JH 594 468
268 JI 584 443
269 JJ 579 424
270 JK 564 396
271 JL 536 395
272 JM 522 412
273 JN 510 432
274 JO 503 450
275 JP 496 474
276 JQ 496 495
277 JR 670 775
278 JS 703 778
279 JT 702 750
280 JU 702 726
281 JV 702 704
282 JW 702 668
283 JX 700 630
284 JY 700 608
285 JZ 700 574
286 KA 700 556
287 KB 703 523
288 KC 703 503
289 KD 704 479
290 KE 707 460
291 KF 714 434
292 KG 728 415
293 KH 744 396
294 KI 767 392
295 KJ 775 411
296 KK 788 440
297 KL 788 470
298 KM 788 500
299 KN 792 536
300 KO 792 567
301 KP 792 583
302 KQ 792 604
303 KR 792 643
304 KS 791 686
305 KT 791 715
306 KU 791 750
307 KV 791 784
308 KW 827 780
309 KX 830 742
310 KY 828 718
311 KZ 828 680
312 LA 827 658
313 LB 827 624
314 LC 827 599
315 LD 827 567
316 LE 824 535
317 LF 824 507
318 LG 826 472
319 LH 830 440
320 LI 824 411
321 LJ 816 374
322 LK 804 347
323 LL 786 330
324 LM 759 319
325 LN 735 327
326 LO 724 348
327 LP 714 368
328 LQ 700 386
329 LR 702 358
330 LS 700 328
331 LT 670 330
332 LU 670 358
333 LV 670 394
334 LW 670 420
335 LX 670 444
336 LY 671 480
337 LZ 668 511
338 MA 668 536
339 MB 668 563
340 MC 670 590
341 MD 668 624
342 ME 668 650
343 MF 668 676
344 MG 668 702
345 MH 670 730
346 MI 670 755
347 MJ 870 331
348 MK 871 358
349 ML 870 388
350 MM 871 418
351 MN 870 448
352 MO 870 478
353 MP 870 508
354 MQ 870 539
355 MR 870 570
356 MS 870 598
357 MT 870 638
358 MU 866 672
359 MV 868 698
360 MW 870 728
361 MX 870 750
362 MY 874 772
363 MZ 902 778
364 NA 900 755
365 NB 902 726
366 NC 903 692
367 ND 903 674
368 NE 903 650
369 NF 902 626
370 NG 902 604
371 NH 902 572
372 NI 902 558
373 NJ 902 536
374 NK 903 506
375 NL 906 478
376 NM 910 448
377 NN 922 422
378 NO 936 400
379 NP 963 394
380 NQ 978 408
381 NR 987 424
382 NS 990 460
383 NT 992 492
384 NU 992 524
385 NV 992 555
386 NW 992 574
387 NX 994 602
388 NY 992 631
389 NZ 992 663
390 OA 992 696
391 OB 992 718
392 OC 992 747
393 OD 992 772
394 OE 1023 779
395 OF 1026 754
396 OG 1026 722
397 OH 1031 686
398 OI 1031 666
399 OJ 1026 642
400 OK 1028 612
401 OL 1026 583
402 OM 1028 555
403 ON 1027 526
404 OO 1027 500
405 OP 1027 478
406 OQ 1027 446
407 OR 1026 420
408 OS 1015 384
409 OT 1008 358
410 OU 990 331
411 OV 967 323
412 OW 946 326
413 OX 931 342
414 OY 915 362
415 OZ 900 387
416 PA 902 359
417 PB 900 326
418 PC 1199 635
419 PD 1231 636
420 PE 1232 663
421 PF 1231 691
422 PG 1226 715
423 PH 1208 742
424 PI 1199 768
425 PJ 1168 794
426 PK 1135 792
427 PL 1116 780
428 PM 1096 750
429 PN 1087 722
430 PO 1074 682
431 PP 1066 651
432 PQ 1066 616
433 PR 1062 590
434 PS 1062 559
435 PT 1062 508
436 PU 1064 484
437 PV 1072 442
438 PW 1080 411
439 PX 1088 382
440 PY 1096 359
441 PZ 1114 342
442 QA 1139 320
443 QB 1172 324
444 QC 1190 340
445 QD 1206 367
446 QE 1218 388
447 QF 1226 416
448 QG 1234 458
449 QH 1240 490
450 QI 1240 516
451 QJ 1240 543
452 QK 1240 578
453 QL 1207 584
454 QM 1179 584
455 QN 1152 584
456 QO 1132 584
457 QP 1103 580
458 QQ 1100 602
459 QR 1104 626
460 QS 1104 658
461 QT 1116 691
462 QU 1132 714
463 QV 1159 722
464 QW 1180 703
465 QX 1187 682
466 QY 1192 664
467 QZ 1099 520
468 RA 1127 516
469 RB 1154 516
470 RC 1184 520
471 RD 1200 518
472 RE 1200 488
473 RF 1199 464
474 RG 1199 440
475 RH 1187 420
476 RI 1167 396
477 RJ 1140 390
478 RK 1126 408
479 RL 1118 426
480 RM 1110 446
481 RN 1102 466
482 RO 1098 491
483
0 0 1
1 1 2
2 2 3
3 3 4
4 4 5
5 5 6
6 6 7
7 7 8
8 8 9
9 9 10
10 10 11
11 11 12
12 12 13
13 13 14
14 15 16
15 16 17
16 17 18
17 18 19
18 19 20
19 20 21
20 21 22
21 22 23
22 23 24
23 24 25
24 25 26
25 26 27
26 27 28
27 28 29
28 29 30
29 30 31
30 31 32
31 32 33
32 33 34
33 34 35
34 35 36
35 36 37
36 37 38
37 38 39
38 39 40
39 40 41
40 41 42
41 42 43
42 43 44
43 44 45
44 45 46
45 46 47
46 47 48
47 48 49
48 49 50
49 50 51
50 51 52
51 52 53
52 53 54
53 54 55
54 55 56
55 56 57
56 57 58
57 58 59
58 59 60
59 60 61
60 61 62
61 62 63
62 63 64
63 64 65
64 65 66
65 66 67
66 67 68
67 68 69
68 69 70
69 70 71
70 71 72
71 72 73
72 73 74
73 74 75
74 75 76
75 76 77
76 77 78
77 78 79
78 79 80
79 80 81
80 81 82
81 82 83
82 83 84
83 84 85
84 85 86
85 86 87
86 87 88
87 88 89
88 89 90
89 90 91
90 91 92
91 92 93
92 93 94
93 94 95
94 95 96
95 96 97
96 97 98
97 98 99
98 99 100
99 100 101
100 101 102
101 102 103
102 103 104
103 104 105
104 105 106
105 106 15
106 0 1
107 107 108
108 108 109
109 109 110
110 110 111
111 111 112
112 112 113
113 113 114
114 114 115
115 115 116
116 116 117
117 117 118
118 118 119
119 119 120
120 120 121
121 121 122
122 122 123
123 123 124
124 124 125
125 125 126
126 126 127
127 127 128
128 128 129
129 129 130
130 130 131
131 131 132
132 132 133
133 133 134
134 134 135
135 135 136
136 136 137
137 137 138
138 138 139
139 139 140
140 140 141
141 141 142
142 142 143
143 143 144
144 144 145
145 145 146
146 146 147
147 147 148
148 148 149
149 149 150
150 150 151
151 151 152
152 152 153
153 153 154
154 154 155
155 155 156
156 156 157
157 157 158
158 158 159
159 159 160
160 160 161
161 161 162
162 162 163
163 163 107
164 164 165
165 165 166
166 166 167
167 167 168
168 168 169
169 169 170
170 170 171
171 171 172
172 172 173
173 173 164
174 174 175
175 175 176
176 176 177
177 177 178
178 178 179
179 179 180
180 180 181
181 181 182
182 182 183
183 183 184
184 184 185
185 185 186
186 186 187
187 187 188
188 188 189
189 189 190
190 190 191
191 191 192
192 192 193
193 193 194
194 194 195
195 195 196
196 196 197
197 197 198
198 198 199
199 199 200
200 200 201
201 201 202
202 202 203
203 203 204
204 204 205
205 205 206
206 206 207
207 207 174
208 208 209
209 209 210
210 210 211
211 211 212
212 212 213
213 213 214
214 214 215
215 215 216
216 216 217
217 217 218
218 218 219
219 219 220
220 220 221
221 221 222
222 222 223
223 223 224
224 224 225
225 225 226
226 226 227
227 227 228
228 228 229
229 229 230
230 230 231
231 231 232
232 232 233
233 233 234
234 234 235
235 235 236
236 236 237
237 237 238
238 238 239
239 239 240
240 240 241
241 241 242
242 242 243
243 243 244
244 244 245
245 245 246
246 246 247
247 247 248
248 248 249
249 249 250
250 250 251
251 251 252
252 252 253
253 253 254
254 254 255
255 255 256
256 256 257
257 257 258
258 258 259
259 259 260
260 260 208
261 261 262
262 262 263
263 263 264
264 264 265
265 265 266
266 266 267
267 267 268
268 268 269
269 269 270
270 270 271
271 271 272
272 272 273
273 273 274
274 274 275
275 275 276
276 276 261
277 277 278
278 278 279
279 279 280
280 280 281
281 281 282
282 282 283
283 283 284
284 284 285
285 285 286
286 286 287
287 287 288
288 288 289
289 289 290
290 290 291
291 291 292
292 292 293
293 293 294
294 294 295
295 295 296
296 296 297
297 297 298
298 298 299
299 299 300
300 300 301
301 301 302
302 302 303
303 303 304
304 304 305
305 305 306
306 306 307
307 307 308
308 308 309
309 309 310
310 310 311
311 311 312
312 312 313
313 313 314
314 314 315
315 315 316
316 316 317
317 317 318
318 318 319
319 319 320
320 320 321
321 321 322
322 322 323
323 323 324
324 324 325
325 325 326
326 326 327
327 327 328
328 328 329
329 329 330
330 330 331
331 331 332
332 332 333
333 333 334
334 334 335
335 335 336
336 336 337
337 337 338
338 338 339
339 339 340
340 340 341
341 341 342
342 342 343
343 343 344
344 344 345
345 345 346
346 346 277
347 347 348
348 348 349
349 349 350
350 350 351
351 351 352
352 352 353
353 353 354
354 354 355
355 355 356
356 356 357
357 357 358
358 358 359
359 359 360
360 360 361
361 361 362
362 362 363
363 363 364
364 364 365
365 365 366
366 366 367
367 367 368
368 368 369
369 369 370
370 370 371
371 371 372
372 372 373
373 373 374
374 374 375
375 375 376
376 376 377
377 377 378
378 378 379
379 379 380
380 380 381
381 381 382
382 382 383
383 383 384
384 384 385
385 385 386
386 386 387
387 387 388
388 388 389
389 389 390
390 390 391
391 391 392
392 392 393
393 393 394
394 394 395
395 395 396
396 396 397
397 397 398
398 398 399
399 399 400
400 400 401
401 401 402
402 402 403
403 403 404
404 404 405
405 405 406
406 406 407
407 407 408
408 408 409
409 409 410
410 410 411
411 411 412
412 412 413
413 413 414
414 414 415
415 415 416
416 416 417
417 417 347
418 418 419
419 419 420
420 420 421
421 421 422
422 422 423
423 423 424
424 424 425
425 425 426
426 426 427
427 427 428
428 428 429
429 429 430
430 430 431
431 431 432
432 432 433
433 433 434
434 434 435
435 435 436
436 436 437
437 437 438
438 438 439
439 439 440
440 440 441
441 441 442
442 442 443
443 443 444
444 444 445
445 445 446
446 446 447
447 447 448
448 448 449
449 449 450
450 450 451
451 451 452
452 452 453
453 453 454
454 454 455
455 455 456
456 456 457
457 457 458
458 458 459
459 459 460
460 460 461
461 461 462
462 462 463
463 463 464
464 464 465
465 465 466
466 466 418
467 467 468
468 468 469
469 469 470
470 470 471
471 471 472
472 472 473
473 473 474
474 474 475
475 475 476
476 476 477
477 477 478
478 478 479
479 479 480
480 480 481
481 481 482
482 482 467
