0
128
0 A 723 415
1 B 732 336
2 C 879 356
3 D 800 467
4 E 906 458
5 F 1111 395
6 G 1030 255
7 H 806 187
8 I 724 278
9 J 671 370
10 K 638 424
11 L 635 319
12 M 736 222
13 N 836 104
14 O 1012 188
15 P 1172 291
16 Q 1091 215
17 R 1096 158
18 S 1051 110
19 T 931 87
20 U 923 26
21 V 739 164
22 W 658 251
23 X 586 271
24 Y 670 191
25 Z 759 111
26 AA 847 40
27 AB 695 30
28 AC 766 52
29 AD 674 131
30 AE 595 215
31 AF 580 156
32 AG 627 84
33 AH 615 28
34 AI 535 27
35 AJ 475 87
36 AK 462 28
37 AL 399 66
38 AM 502 179
39 AN 510 291
40 AO 444 136
41 AP 255 120
42 AQ 291 282
43 AR 226 247
44 AS 498 348
45 AT 311 335
46 AU 218 303
47 AV 143 280
48 AW 524 402
49 AX 566 448
50 AY 443 408
51 AZ 371 382
52 BA 268 382
53 BB 192 400
54 BC 620 492
55 BD 686 527
56 BE 543 507
57 BF 387 459
58 BG 320 426
59 BH 246 440
60 BI 98 360
61 BJ 114 454
62 BK 431 536
63 BL 311 483
64 BM 208 492
65 BN 40 430
66 BO 40 486
67 BP 42 546
68 BQ 250 543
69 BR 119 592
70 BS 322 570
71 BT 226 596
72 BU 146 715
73 BV 202 651
74 BW 324 624
75 BX 398 590
76 BY 507 560
77 BZ 598 554
78 CA 471 611
79 CB 191 760
80 CC 350 682
81 CD 426 672
82 CE 556 606
83 CF 666 586
84 CG 619 632
85 CH 522 658
86 CI 278 776
87 CJ 215 818
88 CK 336 814
89 CL 520 844
90 CM 463 883
91 CN 562 707
92 CO 602 808
93 CP 536 904
94 CQ 598 866
95 CR 711 728
96 CS 682 667
97 CT 731 615
98 CU 678 831
99 CV 770 815
100 CW 759 678
101 CX 764 518
102 CY 846 506
103 CZ 803 571
104 DA 927 512
105 DB 882 570
106 DC 912 622
107 DD 1242 322
108 DE 1210 442
109 DF 982 555
110 DG 1266 483
111 DH 1264 550
112 DI 1006 608
113 DJ 1254 606
114 DK 966 662
115 DL 1046 663
116 DM 1086 712
117 DN 978 722
118 DO 900 712
119 DP 1156 743
120 DQ 1103 787
121 DR 1035 756
122 DS 948 776
123 DT 1022 812
124 DU 948 840
125 DV 963 892
126 DW 1039 871
127 DX 279 854
360
0 0 1
1 1 2
2 2 0
3 0 3
4 3 2
5 2 4
6 4 5
7 5 2
8 2 6
9 6 7
10 7 2
11 2 8
12 8 1
13 1 9
14 9 0
15 0 10
16 10 9
17 9 11
18 11 8
19 8 12
20 12 7
21 7 13
22 13 14
23 14 6
24 6 5
25 5 15
26 15 6
27 6 16
28 16 14
29 14 17
30 17 18
31 18 14
32 14 19
33 19 18
34 18 20
35 20 19
36 19 13
37 13 21
38 21 12
39 12 22
40 22 11
41 11 23
42 23 22
43 22 24
44 24 21
45 21 25
46 25 13
47 13 26
48 26 20
49 20 27
50 27 26
51 26 28
52 28 27
53 27 25
54 25 29
55 29 24
56 24 30
57 30 31
58 31 29
59 29 32
60 32 27
61 27 33
62 33 32
63 32 34
64 34 35
65 35 32
66 32 31
67 31 35
68 35 36
69 36 37
70 37 35
71 35 38
72 38 30
73 30 23
74 23 39
75 39 38
76 38 40
77 40 37
78 37 41
79 41 40
80 40 42
81 42 41
82 41 43
83 43 42
84 42 39
85 39 11
86 11 44
87 44 39
88 39 45
89 45 42
90 42 46
91 46 43
92 43 47
93 47 46
94 46 45
95 45 44
96 44 48
97 48 10
98 10 49
99 49 48
100 48 50
101 50 44
102 44 51
103 51 45
104 45 52
105 52 46
106 46 53
107 53 52
108 52 51
109 51 50
110 50 49
111 49 54
112 54 0
113 0 55
114 55 54
115 54 56
116 56 50
117 50 57
118 57 51
119 51 58
120 58 52
121 52 59
122 59 53
123 53 60
124 60 61
125 61 59
126 59 58
127 58 57
128 57 56
129 56 62
130 62 57
131 57 63
132 63 59
133 59 64
134 64 61
135 61 65
136 65 66
137 66 61
138 61 67
139 67 64
140 64 63
141 63 68
142 68 64
143 64 69
144 69 68
145 68 70
146 70 63
147 63 62
148 62 70
149 70 71
150 71 69
151 69 67
152 67 72
153 72 69
154 69 73
155 73 71
156 71 74
157 74 70
158 70 75
159 75 62
160 62 76
161 76 56
162 56 77
163 77 76
164 76 78
165 78 75
166 75 74
167 74 73
168 73 72
169 72 79
170 79 73
171 73 80
172 80 74
173 74 81
174 81 78
175 78 82
176 82 77
177 77 83
178 83 84
179 84 82
180 82 85
181 85 81
182 81 80
183 80 86
184 86 79
185 79 87
186 87 86
187 86 88
188 88 81
189 81 89
190 89 88
191 88 90
192 90 89
193 89 91
194 91 85
195 85 84
196 84 91
197 91 92
198 92 89
199 89 93
200 93 94
201 94 92
202 92 95
203 95 91
204 91 96
205 96 84
206 84 97
207 97 96
208 96 95
209 95 98
210 98 99
211 99 95
212 95 100
213 100 97
214 97 83
215 83 55
216 55 97
217 97 101
218 101 3
219 3 102
220 102 101
221 101 103
222 103 102
223 102 4
224 4 104
225 104 102
226 102 105
227 105 103
228 103 100
229 100 106
230 106 105
231 105 104
232 104 5
233 5 107
234 107 108
235 108 5
236 5 109
237 109 108
238 108 110
239 110 111
240 111 109
241 109 106
242 106 112
243 112 111
244 111 113
245 113 112
246 112 114
247 114 115
248 115 113
249 113 116
250 116 115
251 115 117
252 117 114
253 114 106
254 106 118
255 118 117
256 117 116
257 116 119
258 119 120
259 120 116
260 116 121
261 121 117
262 117 122
263 122 118
264 118 99
265 99 122
266 122 121
267 121 120
268 120 123
269 123 122
270 122 124
271 124 99
272 99 125
273 125 124
274 124 123
275 123 126
276 126 125
277 125 93
278 93 90
279 90 127
280 127 87
281 87 72
282 9 48
283 48 11
284 11 1
285 0 101
286 101 55
287 55 77
288 77 54
289 77 84
290 82 76
291 46 60
292 60 47
293 47 41
294 41 36
295 36 34
296 34 33
297 32 25
298 13 28
299 25 28
300 26 19
301 14 7
302 7 21
303 21 29
304 31 38
305 38 42
306 47 65
307 65 60
308 61 53
309 67 66
310 40 35
311 31 24
312 24 12
313 12 7
314 12 24
315 30 39
316 17 107
317 107 110
318 111 108
319 16 17
320 17 15
321 15 16
322 15 107
323 113 119
324 119 120
325 120 126
326 126 119
327 121 123
328 3 4
329 104 109
330 109 105
331 103 97
332 103 106
333 115 112
334 112 109
335 100 118
336 118 114
337 100 96
338 126 124
339 125 99
340 118 95
341 91 81
342 81 75
343 56 49
344 10 54
345 93 90
346 93 127
347 127 86
348 79 86
349 79 73
350 73 86
351 88 80
352 58 63
353 68 71
354 62 78
355 78 85
356 125 94
357 94 98
358 98 92
359 89 94
