1
303
0 A 157 367
1 B 173 378
2 C 201 396
3 D 226 409
4 E 255 425
5 F 294 448
6 G 329 465
7 H 361 485
8 I 397 507
9 J 428 523
10 K 453 538
11 L 503 549
12 M 561 552
13 N 595 548
14 O 700 548
15 P 750 545
16 Q 797 572
17 R 856 581
18 S 919 641
19 T 969 623
20 U 1045 608
21 V 1099 609
22 W 1141 624
23 X 1165 635
24 Y 1177 641
25 Z 214 469
26 AA 260 493
27 AB 358 448
28 AC 387 430
29 AD 418 411
30 AE 449 395
31 AF 478 384
32 AG 515 371
33 AH 581 369
34 AI 648 375
35 AJ 696 374
36 AK 757 374
37 AL 808 374
38 AM 891 377
39 AN 928 394
40 AO 935 416
41 AP 932 440
42 AQ 961 466
43 AR 993 484
44 AS 1027 504
45 AT 1027 529
46 AU 1025 554
47 AV 1041 582
48 AW 321 324
49 AX 337 336
50 AY 353 344
51 AZ 367 352
52 BA 392 367
53 BB 406 375
54 BC 425 386
55 BD 476 416
56 BE 511 444
57 BF 535 470
58 BG 563 484
59 BH 590 503
60 BI 632 513
61 BJ 686 512
62 BK 743 516
63 BL 819 509
64 BM 836 497
65 BN 864 485
66 BO 966 498
67 BP 992 507
68 BQ 1082 510
69 BR 1134 509
70 BS 1178 510
71 BT 1114 481
72 BU 1142 458
73 BV 1141 430
74 BW 631 786
75 BX 632 764
76 BY 647 754
77 BZ 669 732
78 CA 672 709
79 CB 652 690
80 CC 622 681
81 CD 583 680
82 CE 584 658
83 CF 583 630
84 CG 592 608
85 CH 651 610
86 CI 662 600
87 CJ 679 569
88 CK 700 518
89 CL 773 472
90 CM 784 441
91 CN 820 419
92 CO 819 391
93 CP 718 356
94 CQ 721 339
95 CR 701 319
96 CS 685 310
97 CT 1174 320
98 CU 1140 338
99 CV 1118 352
100 CW 1086 363
101 CX 1037 365
102 CY 991 363
103 CZ 953 373
104 DA 839 453
105 DB 888 498
106 DC 908 540
107 DD 883 555
108 DE 852 632
109 DF 851 667
110 DG 853 690
111 DH 830 704
112 DI 804 729
113 DJ 285 492
114 DK 248 518
115 DL 244 550
116 DM 248 586
117 DN 286 605
118 DO 317 622
119 DP 363 643
120 DQ 414 655
121 DR 456 676
122 DS 503 687
123 DT 598 686
124 DU 696 721
125 DV 733 731
126 DW 772 728
127 DX 846 730
128 DY 887 730
129 DZ 931 720
130 EA 977 695
131 EB 1005 676
132 EC 1031 660
133 ED 1055 645
134 EE 1081 633
135 EF 1032 262
136 EG 1034 286
137 EH 1002 308
138 EI 967 326
139 EJ 946 340
140 EK 930 351
141 EL 908 359
142 EM 890 396
143 EN 864 406
144 EO 733 420
145 EP 666 424
146 EQ 645 438
147 ER 591 470
148 ES 558 516
149 ET 639 549
150 EU 760 576
151 EV 791 592
152 EW 776 648
153 EX 752 664
154 EY 753 687
155 EZ 776 707
156 FA 799 745
157 FB 799 758
158 FC 800 775
159 FD 800 791
160 FE 801 811
161 FF 799 830
162 FG 830 774
163 FH 877 774
164 FI 919 775
165 FJ 950 777
166 FK 971 794
167 FL 1147 840
168 FM 1147 826
169 FN 1149 810
170 FO 1149 799
171 FP 1149 783
172 FQ 1149 771
173 FR 1125 760
174 FS 1097 742
175 FT 1067 725
176 FU 1048 706
177 FV 1072 689
178 FW 1053 674
179 FX 1001 642
180 FY 941 610
181 FZ 884 596
182 GA 847 557
183 GB 847 537
184 GC 848 517
185 GD 740 480
186 GE 676 480
187 GF 627 473
188 GG 455 511
189 GH 425 566
190 GI 394 586
191 GJ 361 605
192 GK 365 667
193 GL 363 696
194 GM 348 714
195 GN 322 730
196 GO 286 750
197 GP 1178 534
198 GQ 1161 542
199 GR 1142 556
200 GS 1121 566
201 GT 1104 575
202 GU 1083 588
203 GV 1018 578
204 GW 996 563
205 GX 970 550
206 GY 946 540
207 GZ 741 466
208 HA 676 466
209 HB 488 459
210 HC 462 473
211 HD 427 490
212 HE 356 533
213 HF 298 550
214 HG 190 548
215 HH 181 576
216 HI 178 606
217 HJ 180 634
218 HK 180 667
219 HL 177 687
220 HM 179 707
221 HN 180 723
222 HO 160 742
223 HP 136 753
224 HQ 113 768
225 HR 92 706
226 HS 117 693
227 HT 199 687
228 HU 232 680
229 HV 273 669
230 HW 311 663
231 HX 329 646
232 HY 444 659
233 HZ 487 653
234 IA 516 639
235 IB 544 622
236 IC 611 615
237 ID 685 614
238 IE 716 630
239 IF 733 641
240 IG 216 668
241 IH 140 677
242 II 1178 410
243 IJ 1106 434
244 IK 1068 433
245 IL 1023 433
246 IM 972 430
247 IN 901 463
248 IO 786 527
249 IP 951 402
250 IQ 1000 410
251 IR 1028 409
252 IS 1095 407
253 IT 1069 389
254 IU 301 803
255 IV 330 783
256 IW 381 757
257 IX 405 744
258 IY 435 723
259 IZ 471 705
260 JA 519 675
261 JB 604 660
262 JC 569 642
263 JD 512 607
264 JE 473 588
265 JF 455 573
266 JG 569 428
267 JH 633 428
268 JI 647 400
269 JJ 647 358
270 JK 649 336
271 JL 685 338
272 JM 825 328
273 JN 824 310
274 JO 867 299
275 JP 393 821
276 JQ 436 797
277 JR 460 786
278 JS 492 763
279 JT 525 743
280 JU 559 729
281 JV 573 709
282 JW 445 630
283 JX 429 595
284 JY 518 402
285 JZ 514 355
286 KA 486 334
287 KB 460 316
288 KC 410 288
289 KD 375 272
290 KE 353 259
291 KF 350 226
292 KG 514 334
293 KH 518 308
294 KI 549 291
295 KJ 578 272
296 KK 607 256
297 KL 671 247
298 KM 772 224
299 KN 795 211
300 KO 995 714
301 KP 968 732
302 KQ 903 747
724
0 0 1
1 1 2
2 2 3
3 3 4
4 4 5
5 5 6
6 6 7
7 7 8
8 8 9
9 9 10
10 10 11
11 11 12
12 12 13
13 13 14
14 14 15
15 15 16
16 16 17
17 17 18
18 18 19
19 19 20
20 20 21
21 21 22
22 22 23
23 23 24
24 24 23
25 23 22
26 22 21
27 21 20
28 20 19
29 19 18
30 18 17
31 17 16
32 16 15
33 15 14
34 14 13
35 13 12
36 12 11
37 11 10
38 10 9
39 9 8
40 8 7
41 7 6
42 6 5
43 5 4
44 4 3
45 3 2
46 2 1
47 1 0
48 25 26
49 26 6
50 6 27
51 27 28
52 28 29
53 29 30
54 30 31
55 31 32
56 32 33
57 33 34
58 34 35
59 35 36
60 36 37
61 37 38
62 38 39
63 39 40
64 40 41
65 41 42
66 42 43
67 43 44
68 44 45
69 45 46
70 46 47
71 47 20
72 20 47
73 47 46
74 46 45
75 45 44
76 44 43
77 43 42
78 42 41
79 41 40
80 40 39
81 39 38
82 38 37
83 37 36
84 36 35
85 35 34
86 34 33
87 33 32
88 32 31
89 31 30
90 30 29
91 29 28
92 28 27
93 27 6
94 6 26
95 26 25
96 48 49
97 49 50
98 50 51
99 51 52
100 52 53
101 53 54
102 54 30
103 30 55
104 55 56
105 56 57
106 57 58
107 58 59
108 59 60
109 60 61
110 61 62
111 62 63
112 63 64
113 64 65
114 65 66
115 66 67
116 67 44
117 44 68
118 68 69
119 69 70
120 70 69
121 69 68
122 68 44
123 44 67
124 67 66
125 66 65
126 65 64
127 64 63
128 63 62
129 62 61
130 61 60
131 60 59
132 59 58
133 58 57
134 57 56
135 56 55
136 55 30
137 30 54
138 54 53
139 53 52
140 52 51
141 51 50
142 50 49
143 49 48
144 68 71
145 71 72
146 72 73
147 73 72
148 72 71
149 71 68
150 74 75
151 75 76
152 76 77
153 77 78
154 78 79
155 79 80
156 80 81
157 81 82
158 82 83
159 83 84
160 84 85
161 85 86
162 86 87
163 87 14
164 14 88
165 88 62
166 62 89
167 89 90
168 90 91
169 91 92
170 92 36
171 36 93
172 93 94
173 94 95
174 95 96
175 96 95
176 95 94
177 94 93
178 93 36
179 36 92
180 92 91
181 91 90
182 90 89
183 89 62
184 62 88
185 88 14
186 14 87
187 87 86
188 86 85
189 85 84
190 84 83
191 83 82
192 82 81
193 81 80
194 80 79
195 79 78
196 78 77
197 77 76
198 76 75
199 75 74
200 97 98
201 98 99
202 99 100
203 100 101
204 101 102
205 102 103
206 103 39
207 39 38
208 38 92
209 92 91
210 91 104
211 104 65
212 65 105
213 105 106
214 106 107
215 107 17
216 17 108
217 108 109
218 109 110
219 110 111
220 111 112
221 112 111
222 111 110
223 110 109
224 109 108
225 108 17
226 17 107
227 107 106
228 106 105
229 105 65
230 65 104
231 104 91
232 91 92
233 92 38
234 38 39
235 39 103
236 103 102
237 102 101
238 101 100
239 100 99
240 99 98
241 98 97
242 6 113
243 113 114
244 114 115
245 115 116
246 116 117
247 117 118
248 118 119
249 119 120
250 120 121
251 121 122
252 122 81
253 81 123
254 123 79
255 79 78
256 78 124
257 124 125
258 125 126
259 126 112
260 112 127
261 127 128
262 128 129
263 129 130
264 130 131
265 131 132
266 132 133
267 133 134
268 134 20
269 20 134
270 134 133
271 133 132
272 132 131
273 131 130
274 130 129
275 129 128
276 128 127
277 127 112
278 112 126
279 126 125
280 125 124
281 124 78
282 78 79
283 79 123
284 123 81
285 81 122
286 122 121
287 121 120
288 120 119
289 119 118
290 118 117
291 117 116
292 116 115
293 115 114
294 114 113
295 113 6
296 135 136
297 136 137
298 137 138
299 138 139
300 139 140
301 140 141
302 141 38
303 38 142
304 142 143
305 143 91
306 91 144
307 144 145
308 145 146
309 146 147
310 147 58
311 58 148
312 148 12
313 12 149
314 149 14
315 14 150
316 150 151
317 151 152
318 152 153
319 153 154
320 154 155
321 155 112
322 112 156
323 156 157
324 157 158
325 158 159
326 159 160
327 160 161
328 161 160
329 160 159
330 159 158
331 158 157
332 157 162
333 162 163
334 163 164
335 164 165
336 165 166
337 166 165
338 165 164
339 164 163
340 163 162
341 162 157
342 157 156
343 156 112
344 112 155
345 155 154
346 154 153
347 153 152
348 152 151
349 151 150
350 150 14
351 14 149
352 149 12
353 12 148
354 148 58
355 58 147
356 147 146
357 146 145
358 145 144
359 144 91
360 91 143
361 143 142
362 142 38
363 38 141
364 141 140
365 140 139
366 139 138
367 138 137
368 137 136
369 136 135
370 167 168
371 168 169
372 169 170
373 170 171
374 171 172
375 172 173
376 173 174
377 174 175
378 175 176
379 176 177
380 177 178
381 178 132
382 132 179
383 179 19
384 19 180
385 180 181
386 181 17
387 17 182
388 182 183
389 183 184
390 184 65
391 65 89
392 89 185
393 185 186
394 186 187
395 187 58
396 58 188
397 188 10
398 10 189
399 189 190
400 190 191
401 191 119
402 119 192
403 192 193
404 193 194
405 194 195
406 195 196
407 196 195
408 195 194
409 194 193
410 193 192
411 192 119
412 119 191
413 191 190
414 190 189
415 189 10
416 10 188
417 188 58
418 58 187
419 187 186
420 186 185
421 185 89
422 89 65
423 65 184
424 184 183
425 183 182
426 182 17
427 17 181
428 181 180
429 180 19
430 19 179
431 179 132
432 132 178
433 178 177
434 177 176
435 176 175
436 175 174
437 174 173
438 173 172
439 172 171
440 171 170
441 170 169
442 169 168
443 168 167
444 197 198
445 198 199
446 199 200
447 200 201
448 201 202
449 202 20
450 20 203
451 203 204
452 204 205
453 205 206
454 206 105
455 105 65
456 65 89
457 89 207
458 207 208
459 208 187
460 187 147
461 147 57
462 57 209
463 209 210
464 210 211
465 211 8
466 8 212
467 212 213
468 213 115
469 115 214
470 214 215
471 215 216
472 216 217
473 217 218
474 218 219
475 219 220
476 220 221
477 221 222
478 222 223
479 223 224
480 224 223
481 223 222
482 222 221
483 221 220
484 220 219
485 219 218
486 218 217
487 217 216
488 216 215
489 215 214
490 214 115
491 115 213
492 213 212
493 212 8
494 8 211
495 211 210
496 210 209
497 209 57
498 57 147
499 147 187
500 187 208
501 208 207
502 207 89
503 89 65
504 65 105
505 105 206
506 206 205
507 205 204
508 204 203
509 203 20
510 20 202
511 202 201
512 201 200
513 200 199
514 199 198
515 198 197
516 225 226
517 226 219
518 219 227
519 227 228
520 228 229
521 229 230
522 230 231
523 231 119
524 119 232
525 232 233
526 233 234
527 234 235
528 235 236
529 236 85
530 85 237
531 237 238
532 238 239
533 239 152
534 152 109
535 109 152
536 152 239
537 239 238
538 238 237
539 237 85
540 85 236
541 236 235
542 235 234
543 234 233
544 233 232
545 232 119
546 119 231
547 231 230
548 230 229
549 229 240
550 240 218
551 218 241
552 241 226
553 226 225
554 242 73
555 73 243
556 243 244
557 244 245
558 245 246
559 246 41
560 41 247
561 247 65
562 65 63
563 63 248
564 248 15
565 15 14
566 14 15
567 15 248
568 248 63
569 63 65
570 65 247
571 247 41
572 41 246
573 246 245
574 245 244
575 244 243
576 243 73
577 73 242
578 142 39
579 39 249
580 249 250
581 250 251
582 251 244
583 244 252
584 252 253
585 253 251
586 251 250
587 250 249
588 249 39
589 39 38
590 254 255
591 255 256
592 256 257
593 257 258
594 258 259
595 259 122
596 122 260
597 260 81
598 81 261
599 261 262
600 262 235
601 235 263
602 263 264
603 264 265
604 265 10
605 10 188
606 188 56
607 56 266
608 266 267
609 267 268
610 268 34
611 34 269
612 269 270
613 270 271
614 271 94
615 94 272
616 272 273
617 273 274
618 274 273
619 273 272
620 272 94
621 94 271
622 271 270
623 270 269
624 269 34
625 34 268
626 268 267
627 267 266
628 266 56
629 56 188
630 188 10
631 10 265
632 265 264
633 264 263
634 263 235
635 235 262
636 262 261
637 261 81
638 81 260
639 260 122
640 122 259
641 259 258
642 258 257
643 257 256
644 256 255
645 255 254
646 275 276
647 276 277
648 277 278
649 278 279
650 279 280
651 280 281
652 281 81
653 81 233
654 233 282
655 282 283
656 283 189
657 189 9
658 9 211
659 211 56
660 56 284
661 284 32
662 32 285
663 285 286
664 286 287
665 287 288
666 288 289
667 289 290
668 290 291
669 291 290
670 290 289
671 289 288
672 288 287
673 287 286
674 286 285
675 285 292
676 292 293
677 293 294
678 294 295
679 295 296
680 296 297
681 297 298
682 298 299
683 299 298
684 298 297
685 297 296
686 296 295
687 295 294
688 294 293
689 293 292
690 292 285
691 285 32
692 32 284
693 284 56
694 56 211
695 211 9
696 9 189
697 189 283
698 283 282
699 282 233
700 233 81
701 81 281
702 281 280
703 280 279
704 279 278
705 278 277
706 277 276
707 276 275
708 56 188
709 188 148
710 148 14
711 14 18
712 18 130
713 130 300
714 300 301
715 301 302
716 302 301
717 301 300
718 300 130
719 130 18
720 18 14
721 14 148
722 148 188
723 188 56
