0
677
0 A 35 106
1 B 35 130
2 C 35 148
3 D 34 176
4 E 59 184
5 F 62 206
6 G 63 231
7 H 60 256
8 I 62 280
9 J 62 307
10 K 62 331
11 L 63 358
12 M 63 390
13 N 63 419
14 O 63 442
15 P 63 468
16 Q 63 498
17 R 63 520
18 S 63 540
19 T 63 560
20 U 63 590
21 V 63 622
22 W 63 642
23 X 64 660
24 Y 44 660
25 Z 40 678
26 AA 39 703
27 AB 39 724
28 AC 59 732
29 AD 82 734
30 AE 99 735
31 AF 124 735
32 AG 127 719
33 AH 127 699
34 AI 127 679
35 AJ 127 662
36 AK 100 659
37 AL 96 634
38 AM 96 608
39 AN 96 578
40 AO 94 555
41 AP 96 528
42 AQ 96 503
43 AR 94 475
44 AS 94 454
45 AT 94 431
46 AU 94 412
47 AV 94 387
48 AW 94 362
49 AX 94 344
50 AY 95 320
51 AZ 92 296
52 BA 95 270
53 BB 95 247
54 BC 95 224
55 BD 95 208
56 BE 95 183
57 BF 122 183
58 BG 126 162
59 BH 126 139
60 BI 127 114
61 BJ 108 110
62 BK 82 108
63 BL 60 107
64 BM 171 735
65 BN 148 739
66 BO 147 710
67 BP 147 686
68 BQ 147 663
69 BR 146 636
70 BS 146 612
71 BT 150 584
72 BU 148 559
73 BV 148 531
74 BW 147 506
75 BX 148 483
76 BY 148 451
77 BZ 148 419
78 CA 148 391
79 CB 147 367
80 CC 150 338
81 CD 147 315
82 CE 146 291
83 CF 146 271
84 CG 147 244
85 CH 147 222
86 CI 146 200
87 CJ 146 171
88 CK 146 147
89 CL 147 123
90 CM 164 118
91 CN 182 120
92 CO 184 142
93 CP 191 159
94 CQ 192 180
95 CR 192 203
96 CS 194 223
97 CT 195 252
98 CU 199 272
99 CV 204 298
100 CW 212 323
101 CX 215 348
102 CY 219 382
103 CZ 219 403
104 DA 226 431
105 DB 230 459
106 DC 232 487
107 DD 235 514
108 DE 236 551
109 DF 247 588
110 DG 250 548
111 DH 251 526
112 DI 250 500
113 DJ 251 476
114 DK 250 452
115 DL 250 434
116 DM 251 410
117 DN 247 383
118 DO 247 359
119 DP 248 340
120 DQ 246 318
121 DR 246 287
122 DS 246 264
123 DT 244 246
124 DU 247 220
125 DV 247 199
126 DW 247 172
127 DX 246 156
128 DY 247 136
129 DZ 247 115
130 EA 274 112
131 EB 274 139
132 EC 274 162
133 ED 274 179
134 EE 274 195
135 EF 272 218
136 EG 272 248
137 EH 272 263
138 EI 271 286
139 EJ 272 308
140 EK 272 342
141 EL 274 371
142 EM 271 398
143 EN 272 422
144 EO 272 450
145 EP 276 474
146 EQ 276 502
147 ER 276 527
148 ES 276 552
149 ET 276 576
150 EU 276 603
151 EV 276 628
152 EW 276 652
153 EX 276 675
154 EY 275 699
155 EZ 275 731
156 FA 250 735
157 FB 239 712
158 FC 234 682
159 FD 231 659
160 FE 226 639
161 FF 223 618
162 FG 218 591
163 FH 215 570
164 FI 211 544
165 FJ 210 526
166 FK 208 506
167 FL 207 480
168 FM 200 455
169 FN 199 431
170 FO 196 406
171 FP 194 382
172 FQ 190 355
173 FR 188 334
174 FS 183 308
175 FT 184 284
176 FU 175 246
177 FV 174 279
178 FW 172 304
179 FX 172 334
180 FY 172 358
181 FZ 174 380
182 GA 172 402
183 GB 174 436
184 GC 174 468
185 GD 174 491
186 GE 174 518
187 GF 176 540
188 GG 174 567
189 GH 176 594
190 GI 175 622
191 GJ 175 642
192 GK 175 674
193 GL 175 698
194 GM 404 235
195 GN 408 203
196 GO 407 178
197 GP 407 143
198 GQ 398 119
199 GR 388 104
200 GS 366 100
201 GT 347 108
202 GU 336 131
203 GV 324 155
204 GW 312 178
205 GX 312 202
206 GY 311 231
207 GZ 302 259
208 HA 300 284
209 HB 300 310
210 HC 299 336
211 HD 296 364
212 HE 296 390
213 HF 298 422
214 HG 298 450
215 HH 295 476
216 HI 298 498
217 HJ 299 524
218 HK 302 552
219 HL 302 584
220 HM 304 612
221 HN 310 639
222 HO 315 662
223 HP 323 692
224 HQ 332 712
225 HR 344 732
226 HS 374 748
227 HT 384 736
228 HU 396 719
229 HV 403 699
230 HW 408 680
231 HX 408 656
232 HY 414 626
233 HZ 412 598
234 IA 412 571
235 IB 414 548
236 IC 414 524
237 ID 414 503
238 IE 412 478
239 IF 411 454
240 IG 410 427
241 IH 410 411
242 II 390 408
243 IJ 366 407
244 IK 366 427
245 IL 363 450
246 IM 363 474
247 IN 384 479
248 IO 384 508
249 IP 384 526
250 IQ 387 550
251 IR 387 576
252 IS 386 599
253 IT 387 628
254 IU 380 659
255 IV 367 667
256 IW 354 652
257 IX 340 626
258 IY 336 599
259 IZ 328 574
260 JA 326 540
261 JB 324 510
262 JC 324 480
263 JD 323 456
264 JE 323 434
265 JF 323 411
266 JG 323 384
267 JH 326 354
268 JI 326 318
269 JJ 327 280
270 JK 332 247
271 JL 336 226
272 JM 344 204
273 JN 359 175
274 JO 378 175
275 JP 384 194
276 JQ 447 224
277 JR 443 200
278 JS 444 174
279 JT 443 143
280 JU 454 127
281 JV 470 103
282 JW 495 95
283 JX 514 111
284 JY 528 139
285 JZ 539 168
286 KA 544 191
287 KB 544 224
288 KC 548 254
289 KD 552 284
290 KE 551 314
291 KF 547 332
292 KG 547 358
293 KH 543 386
294 KI 535 410
295 KJ 530 432
296 KK 530 458
297 KL 515 494
298 KM 511 518
299 KN 504 539
300 KO 495 567
301 KP 491 590
302 KQ 486 612
303 KR 479 640
304 KS 476 664
305 KT 506 666
306 KU 527 666
307 KV 552 664
308 KW 552 698
309 KX 551 738
310 KY 534 738
311 KZ 512 742
312 LA 488 739
313 LB 466 740
314 LC 444 739
315 LD 443 712
316 LE 440 692
317 LF 438 659
318 LG 448 628
319 LH 452 606
320 LI 459 579
321 LJ 468 558
322 LK 474 539
323 LL 479 510
324 LM 486 488
325 LN 491 466
326 LO 494 438
327 LP 502 407
328 LQ 511 379
329 LR 516 352
330 LS 518 326
331 LT 516 296
332 LU 518 267
333 LV 518 235
334 LW 512 207
335 LX 502 184
336 LY 486 182
337 LZ 464 200
338 MA 711 106
339 MB 711 139
340 MC 708 160
341 MD 708 180
342 ME 726 183
343 MF 752 183
344 MG 762 211
345 MH 760 236
346 MI 760 264
347 MJ 759 290
348 MK 759 318
349 ML 756 342
350 MM 756 368
351 MN 756 395
352 MO 758 423
353 MP 756 447
354 MQ 756 472
355 MR 758 496
356 MS 758 523
357 MT 755 544
358 MU 755 571
359 MV 755 592
360 MW 755 619
361 MX 756 640
362 MY 756 660
363 MZ 756 682
364 NA 756 707
365 NB 756 738
366 NC 786 742
367 ND 786 724
368 NE 787 702
369 NF 787 684
370 NG 787 660
371 NH 790 632
372 NI 791 606
373 NJ 790 579
374 NK 788 552
375 NL 790 526
376 NM 790 496
377 NN 790 472
378 NO 790 448
379 NP 791 426
380 NQ 792 402
381 NR 791 368
382 NS 790 343
383 NT 791 320
384 NU 791 295
385 NV 794 270
386 NW 792 243
387 NX 792 210
388 NY 792 184
389 NZ 819 187
390 OA 843 187
391 OB 842 159
392 OC 840 135
393 OD 840 106
394 OE 815 106
395 OF 783 106
396 OG 758 106
397 OH 736 106
398 OI 863 106
399 OJ 888 108
400 OK 916 114
401 OL 934 135
402 OM 947 155
403 ON 954 184
404 OO 967 216
405 OP 970 250
406 OQ 971 272
407 OR 971 300
408 OS 972 331
409 OT 974 362
410 OU 972 380
411 OV 974 403
412 OW 975 430
413 OX 975 454
414 OY 975 483
415 OZ 975 518
416 PA 976 547
417 PB 974 570
418 PC 971 600
419 PD 967 631
420 PE 955 656
421 PF 952 682
422 PG 940 702
423 PH 926 728
424 PI 907 736
425 PJ 887 739
426 PK 862 740
427 PL 860 715
428 PM 860 694
429 PN 859 670
430 PO 859 643
431 PP 859 615
432 PQ 859 595
433 PR 859 567
434 PS 859 539
435 PT 862 510
436 PU 858 484
437 PV 859 452
438 PW 858 423
439 PX 858 400
440 PY 856 375
441 PZ 855 352
442 QA 855 318
443 QB 858 286
444 QC 858 255
445 QD 859 231
446 QE 859 204
447 QF 860 172
448 QG 862 143
449 QH 891 183
450 QI 911 196
451 QJ 926 216
452 QK 934 243
453 QL 938 275
454 QM 939 308
455 QN 940 338
456 QO 943 363
457 QP 942 391
458 QQ 942 426
459 QR 943 456
460 QS 940 487
461 QT 940 520
462 QU 940 554
463 QV 936 579
464 QW 935 608
465 QX 924 636
466 QY 908 656
467 QZ 890 659
468 RA 890 636
469 RB 890 602
470 RC 888 570
471 RD 890 547
472 RE 888 523
473 RF 888 487
474 RG 887 456
475 RH 888 427
476 RI 887 400
477 RJ 887 374
478 RK 887 354
479 RL 891 322
480 RM 891 299
481 RN 890 274
482 RO 890 247
483 RP 890 219
484 RQ 1051 100
485 RR 1034 114
486 RS 1020 148
487 RT 1016 172
488 RU 1010 210
489 RV 1003 232
490 RW 1003 268
491 RX 999 296
492 RY 999 319
493 RZ 998 347
494 SA 999 375
495 SB 998 403
496 SC 998 435
497 SD 1000 466
498 SE 999 494
499 SF 999 516
500 SG 999 544
501 SH 998 571
502 SI 1002 604
503 SJ 1004 632
504 SK 1008 659
505 SL 1015 686
506 SM 1022 711
507 SN 1032 739
508 SO 1068 747
509 SP 1080 728
510 SQ 1088 708
511 SR 1092 688
512 SS 1099 659
513 ST 1102 631
514 SU 1106 592
515 SV 1110 560
516 SW 1110 526
517 SX 1110 500
518 SY 1110 467
519 SZ 1108 438
520 TA 1108 418
521 TB 1108 388
522 TC 1114 358
523 TD 1111 323
524 TE 1111 296
525 TF 1110 266
526 TG 1108 243
527 TH 1107 220
528 TI 1100 196
529 TJ 1098 167
530 TK 1091 152
531 TL 1084 126
532 TM 1076 111
533 TN 1056 171
534 TO 1067 187
535 TP 1074 210
536 TQ 1074 231
537 TR 1068 266
538 TS 1067 295
539 TT 1055 326
540 TU 1054 355
541 TV 1052 380
542 TW 1046 406
543 TX 1044 431
544 TY 1039 456
545 TZ 1032 490
546 UA 1028 515
547 UB 1022 468
548 UC 1023 447
549 UD 1023 415
550 UE 1023 396
551 UF 1023 372
552 UG 1023 355
553 UH 1023 327
554 UI 1026 303
555 UJ 1027 276
556 UK 1027 256
557 UL 1031 236
558 UM 1034 216
559 UN 1039 195
560 UO 1086 315
561 UP 1088 344
562 UQ 1088 376
563 UR 1086 404
564 US 1086 431
565 UT 1083 460
566 UU 1083 491
567 UV 1083 514
568 UW 1083 543
569 UX 1082 572
570 UY 1078 602
571 UZ 1075 635
572 VA 1071 655
573 VB 1056 680
574 VC 1043 656
575 VD 1036 632
576 VE 1035 607
577 VF 1039 584
578 VG 1044 559
579 VH 1048 530
580 VI 1054 504
581 VJ 1060 471
582 VK 1066 443
583 VL 1068 415
584 VM 1072 392
585 VN 1075 366
586 VO 1180 747
587 VP 1212 744
588 VQ 1223 732
589 VR 1235 710
590 VS 1243 684
591 VT 1248 655
592 VU 1252 618
593 VV 1254 580
594 VW 1254 556
595 VX 1252 532
596 VY 1252 511
597 VZ 1250 484
598 WA 1248 462
599 WB 1240 438
600 WC 1232 419
601 WD 1219 402
602 WE 1232 375
603 WF 1239 346
604 WG 1246 326
605 WH 1247 299
606 WI 1251 267
607 WJ 1251 244
608 WK 1250 219
609 WL 1247 187
610 WM 1243 166
611 WN 1239 151
612 WO 1232 118
613 WP 1212 103
614 WQ 1184 102
615 WR 1166 123
616 WS 1155 150
617 WT 1154 168
618 WU 1144 194
619 WV 1143 223
620 WW 1143 251
621 WX 1139 279
622 WY 1140 310
623 WZ 1144 336
624 XA 1151 360
625 XB 1158 380
626 XC 1170 406
627 XD 1160 422
628 XE 1151 447
629 XF 1144 474
630 XG 1142 499
631 XH 1140 527
632 XI 1139 554
633 XJ 1138 586
634 XK 1138 611
635 XL 1139 636
636 XM 1143 662
637 XN 1151 687
638 XO 1158 714
639 XP 1172 732
640 XQ 1187 443
641 XR 1208 444
642 XS 1214 464
643 XT 1218 491
644 XU 1219 514
645 XV 1227 543
646 XW 1226 572
647 XX 1222 596
648 XY 1219 628
649 XZ 1212 658
650 YA 1202 676
651 YB 1184 660
652 YC 1174 632
653 YD 1167 604
654 YE 1164 576
655 YF 1164 547
656 YG 1167 522
657 YH 1168 498
658 YI 1175 471
659 YJ 1194 168
660 YK 1210 188
661 YL 1215 214
662 YM 1218 234
663 YN 1219 252
664 YO 1220 278
665 YP 1220 302
666 YQ 1219 331
667 YR 1211 352
668 YS 1196 371
669 YT 1182 354
670 YU 1178 334
671 YV 1172 312
672 YW 1171 286
673 YX 1170 260
674 YY 1170 235
675 YZ 1174 211
676 ZA 1178 191
677
0 0 1
1 1 2
2 2 3
3 3 4
4 4 5
5 5 6
6 6 7
7 7 8
8 8 9
9 9 10
10 10 11
11 11 12
12 12 13
13 13 14
14 14 15
15 15 16
16 16 17
17 17 18
18 18 19
19 19 20
20 20 21
21 21 22
22 22 23
23 23 24
24 24 25
25 25 26
26 26 27
27 27 28
28 28 29
29 29 30
30 30 31
31 31 32
32 32 33
33 33 34
34 34 35
35 35 36
36 36 37
37 37 38
38 38 39
39 39 40
40 40 41
41 41 42
42 42 43
43 43 44
44 44 45
45 45 46
46 46 47
47 47 48
48 48 49
49 49 50
50 50 51
51 51 52
52 52 53
53 53 54
54 54 55
55 55 56
56 56 57
57 57 58
58 58 59
59 59 60
60 60 61
61 61 62
62 62 63
63 63 0
64 64 65
65 65 66
66 66 67
67 67 68
68 68 69
69 69 70
70 70 71
71 71 72
72 72 73
73 73 74
74 74 75
75 75 76
76 76 77
77 77 78
78 78 79
79 79 80
80 80 81
81 81 82
82 82 83
83 83 84
84 84 85
85 85 86
86 86 87
87 87 88
88 88 89
89 89 90
90 90 91
91 91 92
92 92 93
93 93 94
94 94 95
95 95 96
96 96 97
97 97 98
98 98 99
99 99 100
100 100 101
101 101 102
102 102 103
103 103 104
104 104 105
105 105 106
106 106 107
107 107 108
108 108 109
109 109 110
110 110 111
111 111 112
112 112 113
113 113 114
114 114 115
115 115 116
116 116 117
117 117 118
118 118 119
119 119 120
120 120 121
121 121 122
122 122 123
123 123 124
124 124 125
125 125 126
126 126 127
127 127 128
128 128 129
129 129 130
130 130 131
131 131 132
132 132 133
133 133 134
134 134 135
135 135 136
136 136 137
137 137 138
138 138 139
139 139 140
140 140 141
141 141 142
142 142 143
143 143 144
144 144 145
145 145 146
146 146 147
147 147 148
148 148 149
149 149 150
150 150 151
151 151 152
152 152 153
153 153 154
154 154 155
155 155 156
156 156 157
157 157 158
158 158 159
159 159 160
160 160 161
161 161 162
162 162 163
163 163 164
164 164 165
165 165 166
166 166 167
167 167 168
168 168 169
169 169 170
170 170 171
171 171 172
172 172 173
173 173 174
174 174 175
175 175 176
176 176 177
177 177 178
178 178 179
179 179 180
180 180 181
181 181 182
182 182 183
183 183 184
184 184 185
185 185 186
186 186 187
187 187 188
188 188 189
189 189 190
190 190 191
191 191 192
192 192 193
193 193 64
194 194 195
195 195 196
196 196 197
197 197 198
198 198 199
199 199 200
200 200 201
201 201 202
202 202 203
203 203 204
204 204 205
205 205 206
206 206 207
207 207 208
208 208 209
209 209 210
210 210 211
211 211 212
212 212 213
213 213 214
214 214 215
215 215 216
216 216 217
217 217 218
218 218 219
219 219 220
220 220 221
221 221 222
222 222 223
223 223 224
224 224 225
225 225 226
226 226 227
227 227 228
228 228 229
229 229 230
230 230 231
231 231 232
232 232 233
233 233 234
234 234 235
235 235 236
236 236 237
237 237 238
238 238 239
239 239 240
240 240 241
241 241 242
242 242 243
243 243 244
244 244 245
245 245 246
246 246 247
247 247 248
248 248 249
249 249 250
250 250 251
251 251 252
252 252 253
253 253 254
254 254 255
255 255 256
256 256 257
257 257 258
258 258 259
259 259 260
260 260 261
261 261 262
262 262 263
263 263 264
264 264 265
265 265 266
266 266 267
267 267 268
268 268 269
269 269 270
270 270 271
271 271 272
272 272 273
273 273 274
274 274 275
275 275 194
276 276 277
277 277 278
278 278 279
279 279 280
280 280 281
281 281 282
282 282 283
283 283 284
284 284 285
285 285 286
286 286 287
287 287 288
288 288 289
289 289 290
290 290 291
291 291 292
292 292 293
293 293 294
294 294 295
295 295 296
296 296 297
297 297 298
298 298 299
299 299 300
300 300 301
301 301 302
302 302 303
303 303 304
304 304 305
305 305 306
306 306 307
307 307 308
308 308 309
309 309 310
310 310 311
311 311 312
312 312 313
313 313 314
314 314 315
315 315 316
316 316 317
317 317 318
318 318 319
319 319 320
320 320 321
321 321 322
322 322 323
323 323 324
324 324 325
325 325 326
326 326 327
327 327 328
328 328 329
329 329 330
330 330 331
331 331 332
332 332 333
333 333 334
334 334 335
335 335 336
336 336 337
337 337 276
338 338 339
339 339 340
340 340 341
341 341 342
342 342 343
343 343 344
344 344 345
345 345 346
346 346 347
347 347 348
348 348 349
349 349 350
350 350 351
351 351 352
352 352 353
353 353 354
354 354 355
355 355 356
356 356 357
357 357 358
358 358 359
359 359 360
360 360 361
361 361 362
362 362 363
363 363 364
364 364 365
365 365 366
366 366 367
367 367 368
368 368 369
369 369 370
370 370 371
371 371 372
372 372 373
373 373 374
374 374 375
375 375 376
376 376 377
377 377 378
378 378 379
379 379 380
380 380 381
381 381 382
382 382 383
383 383 384
384 384 385
385 385 386
386 386 387
387 387 388
388 388 389
389 389 390
390 390 391
391 391 392
392 392 393
393 393 394
394 394 395
395 395 396
396 396 397
397 397 338
398 398 399
399 399 400
400 400 401
401 401 402
402 402 403
403 403 404
404 404 405
405 405 406
406 406 407
407 407 408
408 408 409
409 409 410
410 410 411
411 411 412
412 412 413
413 413 414
414 414 415
415 415 416
416 416 417
417 417 418
418 418 419
419 419 420
420 420 421
421 421 422
422 422 423
423 423 424
424 424 425
425 425 426
426 426 427
427 427 428
428 428 429
429 429 430
430 430 431
431 431 432
432 432 433
433 433 434
434 434 435
435 435 436
436 436 437
437 437 438
438 438 439
439 439 440
440 440 441
441 441 442
442 442 443
443 443 444
444 444 445
445 445 446
446 446 447
447 447 448
448 448 398
449 449 450
450 450 451
451 451 452
452 452 453
453 453 454
454 454 455
455 455 456
456 456 457
457 457 458
458 458 459
459 459 460
460 460 461
461 461 462
462 462 463
463 463 464
464 464 465
465 465 466
466 466 467
467 467 468
468 468 469
469 469 470
470 470 471
471 471 472
472 472 473
473 473 474
474 474 475
475 475 476
476 476 477
477 477 478
478 478 479
479 479 480
480 480 481
481 481 482
482 482 483
483 483 449
484 484 485
485 485 486
486 486 487
487 487 488
488 488 489
489 489 490
490 490 491
491 491 492
492 492 493
493 493 494
494 494 495
495 495 496
496 496 497
497 497 498
498 498 499
499 499 500
500 500 501
501 501 502
502 502 503
503 503 504
504 504 505
505 505 506
506 506 507
507 507 508
508 508 509
509 509 510
510 510 511
511 511 512
512 512 513
513 513 514
514 514 515
515 515 516
516 516 517
517 517 518
518 518 519
519 519 520
520 520 521
521 521 522
522 522 523
523 523 524
524 524 525
525 525 526
526 526 527
527 527 528
528 528 529
529 529 530
530 530 531
531 531 532
532 532 484
533 533 534
534 534 535
535 535 536
536 536 537
537 537 538
538 538 539
539 539 540
540 540 541
541 541 542
542 542 543
543 543 544
544 544 545
545 545 546
546 546 547
547 547 548
548 548 549
549 549 550
550 550 551
551 551 552
552 552 553
553 553 554
554 554 555
555 555 556
556 556 557
557 557 558
558 558 559
559 559 533
560 560 561
561 561 562
562 562 563
563 563 564
564 564 565
565 565 566
566 566 567
567 567 568
568 568 569
569 569 570
570 570 571
571 571 572
572 572 573
573 573 574
574 574 575
575 575 576
576 576 577
577 577 578
578 578 579
579 579 580
580 580 581
581 581 582
582 582 583
583 583 584
584 584 585
585 585 560
586 586 587
587 587 588
588 588 589
589 589 590
590 590 591
591 591 592
592 592 593
593 593 594
594 594 595
595 595 596
596 596 597
597 597 598
598 598 599
599 599 600
600 600 601
601 601 602
602 602 603
603 603 604
604 604 605
605 605 606
606 606 607
607 607 608
608 608 609
609 609 610
610 610 611
611 611 612
612 612 613
613 613 614
614 614 615
615 615 616
616 616 617
617 617 618
618 618 619
619 619 620
620 620 621
621 621 622
622 622 623
623 623 624
624 624 625
625 625 626
626 626 627
627 627 628
628 628 629
629 629 630
630 630 631
631 631 632
632 632 633
633 633 634
634 634 635
635 635 636
636 636 637
637 637 638
638 638 639
639 639 586
640 640 641
641 641 642
642 642 643
643 643 644
644 644 645
645 645 646
646 646 647
647 647 648
648 648 649
649 649 650
650 650 651
651 651 652
652 652 653
653 653 654
654 654 655
655 655 656
656 656 657
657 657 658
658 658 640
659 659 660
660 660 661
661 661 662
662 662 663
663 663 664
664 664 665
665 665 666
666 666 667
667 667 668
668 668 669
669 669 670
670 670 671
671 671 672
672 672 673
673 673 674
674 674 675
675 675 676
676 676 659
