0
416
0 A 826 38
1 B 826 63
2 C 824 86
3 D 823 110
4 E 823 131
5 F 834 142
6 G 848 155
7 H 851 176
8 I 854 194
9 J 867 202
10 K 868 216
11 L 872 238
12 M 890 226
13 N 896 248
14 O 916 258
15 P 931 270
16 Q 935 287
17 R 959 290
18 S 980 295
19 T 984 318
20 U 996 334
21 V 1011 350
22 W 1024 368
23 X 1036 392
24 Y 1039 414
25 Z 1047 432
26 AA 1052 451
27 AB 1052 474
28 AC 1079 460
29 AD 1066 494
30 AE 1062 518
31 AF 1051 538
32 AG 1043 554
33 AH 1032 571
34 AI 1020 584
35 AJ 1008 603
36 AK 990 611
37 AL 972 623
38 AM 1008 627
39 AN 987 643
40 AO 972 659
41 AP 956 675
42 AQ 942 683
43 AR 926 692
44 AS 910 708
45 AT 894 719
46 AU 868 727
47 AV 891 743
48 AW 867 754
49 AX 847 758
50 AY 826 767
51 AZ 804 770
52 BA 780 782
53 BB 759 787
54 BC 739 787
55 BD 718 788
56 BE 695 787
57 BF 676 784
58 BG 655 782
59 BH 643 775
60 BI 638 800
61 BJ 632 816
62 BK 626 836
63 BL 612 854
64 BM 592 859
65 BN 574 854
66 BO 582 839
67 BP 595 824
68 BQ 598 804
69 BR 602 784
70 BS 608 764
71 BT 583 767
72 BU 556 764
73 BV 534 763
74 BW 515 758
75 BX 495 751
76 BY 472 743
77 BZ 456 735
78 CA 438 727
79 CB 428 715
80 CC 411 702
81 CD 395 695
82 CE 382 687
83 CF 364 676
84 CG 351 668
85 CH 340 651
86 CI 368 654
87 CJ 356 632
88 CK 344 620
89 CL 334 606
90 CM 322 586
91 CN 308 555
92 CO 338 572
93 CP 328 544
94 CQ 318 522
95 CR 311 504
96 CS 311 480
97 CT 311 459
98 CU 310 428
99 CV 331 439
100 CW 336 412
101 CX 339 386
102 CY 350 366
103 CZ 363 346
104 DA 379 326
105 DB 390 342
106 DC 396 315
107 DD 406 287
108 DE 420 271
109 DF 439 259
110 DG 456 230
111 DH 470 243
112 DI 472 226
113 DJ 472 199
114 DK 494 203
115 DL 519 194
116 DM 538 187
117 DN 554 175
118 DO 574 167
119 DP 592 156
120 DQ 615 148
121 DR 638 136
122 DS 663 127
123 DT 686 131
124 DU 699 114
125 DV 723 115
126 DW 740 102
127 DX 760 86
128 DY 779 68
129 DZ 796 59
130 EA 808 51
131 EB 602 842
132 EC 614 824
133 ED 616 804
134 EE 622 783
135 EF 627 767
136 EG 631 748
137 EH 636 732
138 EI 639 718
139 EJ 647 692
140 EK 651 670
141 EL 655 652
142 EM 660 632
143 EN 662 612
144 EO 667 591
145 EP 672 574
146 EQ 675 555
147 ER 680 534
148 ES 686 516
149 ET 688 498
150 EU 691 482
151 EV 694 467
152 EW 698 452
153 EX 703 430
154 EY 707 411
155 EZ 710 390
156 FA 714 371
157 FB 719 348
158 FC 726 327
159 FD 731 306
160 FE 735 282
161 FF 740 259
162 FG 744 246
163 FH 746 231
164 FI 754 206
165 FJ 756 190
166 FK 763 174
167 FL 764 154
168 FM 770 132
169 FN 776 108
170 FO 788 98
171 FP 799 78
172 FQ 647 759
173 FR 666 762
174 FS 690 759
175 FT 719 755
176 FU 747 754
177 FV 775 754
178 FW 804 743
179 FX 835 740
180 FY 595 754
181 FZ 570 747
182 GA 532 740
183 GB 510 732
184 GC 484 720
185 GD 456 714
186 GE 654 738
187 GF 676 732
188 GG 706 732
189 GH 724 726
190 GI 747 715
191 GJ 770 710
192 GK 792 702
193 GL 811 690
194 GM 839 687
195 GN 862 676
196 GO 884 671
197 GP 907 658
198 GQ 928 651
199 GR 948 639
200 GS 608 742
201 GT 594 732
202 GU 568 724
203 GV 540 716
204 GW 519 708
205 GX 495 698
206 GY 470 687
207 GZ 451 676
208 HA 431 667
209 HB 414 658
210 HC 398 651
211 HD 383 642
212 HE 619 704
213 HF 591 692
214 HG 562 678
215 HH 538 666
216 HI 516 655
217 HJ 498 643
218 HK 471 635
219 HL 444 618
220 HM 420 604
221 HN 396 594
222 HO 376 579
223 HP 362 575
224 HQ 670 690
225 HR 694 683
226 HS 716 672
227 HT 739 660
228 HU 770 658
229 HV 795 650
230 HW 824 635
231 HX 851 628
232 HY 874 619
233 HZ 902 610
234 IA 934 592
235 IB 960 584
236 IC 992 575
237 ID 1011 564
238 IE 631 646
239 IF 608 640
240 IG 580 630
241 IH 556 612
242 II 532 595
243 IJ 506 582
244 IK 479 571
245 IL 456 559
246 IM 434 548
247 IN 414 535
248 IO 388 520
249 IP 366 507
250 IQ 343 496
251 IR 330 486
252 IS 684 628
253 IT 712 619
254 IU 740 610
255 IV 760 603
256 IW 783 596
257 IX 807 590
258 IY 831 582
259 IZ 858 567
260 JA 884 560
261 JB 915 550
262 JC 943 542
263 JD 963 530
264 JE 988 524
265 JF 1012 515
266 JG 1034 504
267 JH 639 598
268 JI 610 584
269 JJ 582 566
270 JK 551 546
271 JL 518 532
272 JM 498 518
273 JN 475 508
274 JO 459 498
275 JP 439 482
276 JQ 414 467
277 JR 395 452
278 JS 372 438
279 JT 355 431
280 JU 691 576
281 JV 716 570
282 JW 736 567
283 JX 758 556
284 JY 784 546
285 JZ 810 532
286 KA 843 523
287 KB 874 516
288 KC 899 499
289 KD 922 494
290 KE 947 480
291 KF 971 472
292 KG 992 458
293 KH 1016 450
294 KI 654 532
295 KJ 634 516
296 KK 610 506
297 KL 590 494
298 KM 570 480
299 KN 548 467
300 KO 531 448
301 KP 502 434
302 KQ 483 415
303 KR 458 400
304 KS 443 384
305 KT 424 372
306 KU 408 358
307 KV 712 515
308 KW 735 502
309 KX 766 488
310 KY 796 478
311 KZ 827 470
312 LA 854 456
313 LB 884 444
314 LC 910 430
315 LD 936 420
316 LE 960 407
317 LF 984 394
318 LG 1004 383
319 LH 666 471
320 LI 642 459
321 LJ 622 439
322 LK 603 428
323 LL 576 418
324 LM 560 399
325 LN 538 382
326 LO 518 366
327 LP 499 351
328 LQ 486 336
329 LR 464 315
330 LS 450 308
331 LT 438 295
332 LU 720 458
333 LV 740 451
334 LW 760 440
335 LX 780 434
336 LY 799 420
337 LZ 823 412
338 MA 843 400
339 MB 867 388
340 MC 891 374
341 MD 911 362
342 ME 934 350
343 MF 950 338
344 MG 967 326
345 MH 682 419
346 MI 667 403
347 MJ 642 390
348 MK 624 372
349 ML 603 356
350 MM 582 342
351 MN 562 326
352 MO 539 308
353 MP 522 291
354 MQ 507 279
355 MR 488 260
356 MS 732 388
357 MT 763 380
358 MU 783 371
359 MV 800 362
360 MW 826 354
361 MX 848 334
362 MY 878 315
363 MZ 896 298
364 NA 915 282
365 NB 696 360
366 NC 680 347
367 ND 658 335
368 NE 631 314
369 NF 610 295
370 NG 594 280
371 NH 579 270
372 NI 562 255
373 NJ 543 242
374 NK 531 231
375 NL 514 220
376 NM 746 332
377 NN 762 318
378 NO 783 306
379 NP 803 291
380 NQ 820 274
381 NR 836 266
382 NS 852 250
383 NT 706 295
384 NU 683 284
385 NV 663 267
386 NW 636 254
387 NX 619 235
388 NY 600 223
389 NZ 583 206
390 OA 568 196
391 OB 755 274
392 OC 774 262
393 OD 790 251
394 OE 810 231
395 OF 828 219
396 OG 842 210
397 OH 715 248
398 OI 700 231
399 OJ 686 216
400 OK 674 202
401 OL 659 187
402 OM 644 178
403 ON 628 164
404 OO 762 226
405 OP 780 208
406 OQ 792 195
407 OR 810 182
408 OS 822 163
409 OT 736 195
410 OU 720 180
411 OV 696 162
412 OW 678 147
413 OX 746 163
414 OY 734 147
415 OZ 722 134
441
0 0 1
1 1 2
2 2 3
3 3 4
4 4 5
5 5 6
6 6 7
7 7 8
8 8 9
9 9 10
10 10 11
11 11 12
12 12 13
13 13 14
14 14 15
15 15 16
16 16 17
17 17 18
18 18 19
19 19 20
20 20 21
21 21 22
22 22 23
23 23 24
24 24 25
25 25 26
26 26 27
27 27 28
28 28 29
29 29 30
30 30 31
31 31 32
32 32 33
33 33 34
34 34 35
35 35 36
36 36 37
37 37 38
38 38 39
39 39 40
40 40 41
41 41 42
42 42 43
43 43 44
44 44 45
45 45 46
46 46 47
47 47 48
48 48 49
49 49 50
50 50 51
51 51 52
52 52 53
53 53 54
54 54 55
55 55 56
56 56 57
57 57 58
58 58 59
59 59 60
60 60 61
61 61 62
62 62 63
63 63 64
64 64 65
65 65 66
66 66 67
67 67 68
68 68 69
69 69 70
70 70 71
71 71 72
72 72 73
73 73 74
74 74 75
75 75 76
76 76 77
77 77 78
78 78 79
79 79 80
80 80 81
81 81 82
82 82 83
83 83 84
84 84 85
85 85 86
86 86 87
87 87 88
88 88 89
89 89 90
90 90 91
91 91 92
92 92 93
93 93 94
94 94 95
95 95 96
96 96 97
97 97 98
98 98 99
99 99 100
100 100 101
101 101 102
102 102 103
103 103 104
104 104 105
105 105 106
106 106 107
107 107 108
108 108 109
109 109 110
110 110 111
111 111 112
112 112 113
113 113 114
114 114 115
115 115 116
116 116 117
117 117 118
118 118 119
119 119 120
120 120 121
121 121 122
122 122 123
123 123 124
124 124 125
125 125 126
126 126 127
127 127 128
128 128 129
129 129 130
130 130 0
131 64 131
132 131 132
133 132 133
134 133 134
135 134 135
136 135 136
137 136 137
138 137 138
139 138 139
140 139 140
141 140 141
142 141 142
143 142 143
144 143 144
145 144 145
146 145 146
147 146 147
148 147 148
149 148 149
150 149 150
151 150 151
152 151 152
153 152 153
154 153 154
155 154 155
156 155 156
157 156 157
158 157 158
159 158 159
160 159 160
161 160 161
162 161 162
163 162 163
164 163 164
165 164 165
166 165 166
167 166 167
168 167 168
169 168 169
170 169 170
171 170 171
172 171 0
173 135 172
174 172 173
175 173 174
176 174 175
177 175 176
178 176 177
179 177 178
180 178 179
181 179 46
182 135 180
183 180 181
184 181 182
185 182 183
186 183 184
187 184 185
188 185 79
189 136 186
190 186 187
191 187 188
192 188 189
193 189 190
194 190 191
195 191 192
196 192 193
197 193 194
198 194 195
199 195 196
200 196 197
201 197 198
202 198 199
203 199 37
204 136 200
205 200 201
206 201 202
207 202 203
208 203 204
209 204 205
210 205 206
211 206 207
212 207 208
213 208 209
214 209 210
215 210 211
216 211 87
217 138 212
218 212 213
219 213 214
220 214 215
221 215 216
222 216 217
223 217 218
224 218 219
225 219 220
226 220 221
227 221 222
228 222 223
229 223 92
230 139 224
231 224 225
232 225 226
233 226 227
234 227 228
235 228 229
236 229 230
237 230 231
238 231 232
239 232 233
240 233 234
241 234 235
242 235 236
243 236 237
244 237 32
245 141 238
246 238 239
247 239 240
248 240 241
249 241 242
250 242 243
251 243 244
252 244 245
253 245 246
254 246 247
255 247 248
256 248 249
257 249 250
258 250 251
259 251 96
260 142 252
261 252 253
262 253 254
263 254 255
264 255 256
265 256 257
266 257 258
267 258 259
268 259 260
269 260 261
270 261 262
271 262 263
272 263 264
273 264 265
274 265 266
275 266 29
276 143 267
277 267 268
278 268 269
279 269 270
280 270 271
281 271 272
282 272 273
283 273 274
284 274 275
285 275 276
286 276 277
287 277 278
288 278 279
289 279 100
290 144 280
291 280 281
292 281 282
293 282 283
294 283 284
295 284 285
296 285 286
297 286 287
298 287 288
299 288 289
300 289 290
301 290 291
302 291 292
303 292 293
304 293 25
305 147 294
306 294 295
307 295 296
308 296 297
309 297 298
310 298 299
311 299 300
312 300 301
313 301 302
314 302 303
315 303 304
316 304 305
317 305 306
318 306 105
319 148 307
320 307 308
321 308 309
322 309 310
323 310 311
324 311 312
325 312 313
326 313 314
327 314 315
328 315 316
329 316 317
330 317 318
331 318 22
332 150 319
333 319 320
334 320 321
335 321 322
336 322 323
337 323 324
338 324 325
339 325 326
340 326 327
341 327 328
342 328 329
343 329 330
344 330 331
345 331 108
346 151 332
347 332 333
348 333 334
349 334 335
350 335 336
351 336 337
352 337 338
353 338 339
354 339 340
355 340 341
356 341 342
357 342 343
358 343 344
359 344 19
360 153 345
361 345 346
362 346 347
363 347 348
364 348 349
365 349 350
366 350 351
367 351 352
368 352 353
369 353 354
370 354 355
371 355 111
372 154 356
373 356 357
374 357 358
375 358 359
376 359 360
377 360 361
378 361 362
379 362 363
380 363 364
381 364 15
382 156 365
383 365 366
384 366 367
385 367 368
386 368 369
387 369 370
388 370 371
389 371 372
390 372 373
391 373 374
392 374 375
393 375 114
394 157 376
395 376 377
396 377 378
397 378 379
398 379 380
399 380 381
400 381 382
401 382 11
402 159 383
403 383 384
404 384 385
405 385 386
406 386 387
407 387 388
408 388 389
409 389 390
410 390 117
411 160 391
412 391 392
413 392 393
414 393 394
415 394 395
416 395 396
417 396 8
418 161 397
419 397 398
420 398 399
421 399 400
422 400 401
423 401 402
424 402 403
425 403 120
426 163 404
427 404 405
428 405 406
429 406 407
430 407 408
431 408 5
432 164 409
433 409 410
434 410 411
435 411 412
436 412 122
437 166 413
438 413 414
439 414 415
440 415 124
