1
42
0 A 213 316
1 B 251 346
2 C 280 368
3 D 315 396
4 E 351 424
5 F 379 445
6 G 403 461
7 H 454 476
8 I 508 475
9 J 549 469
10 K 640 472
11 L 688 473
12 M 739 504
13 N 787 516
14 O 841 585
15 P 898 575
16 Q 975 544
17 R 1038 555
18 S 174 378
19 T 211 406
20 U 310 343
21 V 333 327
22 W 364 303
23 X 391 281
24 Y 422 259
25 Z 467 253
26 AA 528 250
27 AB 591 253
28 AC 639 255
29 AD 695 256
30 AE 760 254
31 AF 829 255
32 AG 860 277
33 AH 864 307
34 AI 863 344
35 AJ 893 367
36 AK 927 390
37 AL 960 422
38 AM 961 446
39 AN 962 475
40 AO 962 512
41 AP 350 311
83
0 0 1
1 1 2
2 2 3
3 3 4
4 4 5
5 5 6
6 6 7
7 7 8
8 8 9
9 9 10
10 10 11
11 11 12
12 12 13
13 13 14
14 14 15
15 15 16
16 16 17
17 17 18
18 18 19
19 19 2
20 19 20
21 20 21
22 21 22
23 22 23
24 23 24
25 24 25
26 25 26
27 26 27
28 27 28
29 28 29
30 29 30
31 30 31
32 31 32
33 32 33
34 33 34
35 34 35
36 35 36
37 36 37
38 37 38
39 38 39
40 39 40
41 40 16
42 17 16
43 16 15
44 15 14
45 14 13
46 13 12
47 12 11
48 11 10
49 10 9
50 9 8
51 8 7
52 7 6
53 6 5
54 5 4
55 4 3
56 3 2
57 2 1
58 1 0
59 16 40
60 40 39
61 39 38
62 38 37
63 37 36
64 36 35
65 35 34
66 34 33
67 33 32
68 32 31
69 31 30
70 30 29
71 29 28
72 28 27
73 27 26
74 26 25
75 25 24
76 24 23
77 40 41
78 41 21
79 21 20
80 20 2
81 2 19
82 19 18