0
219
0 A 27 295
1 B 66 300
2 C 88 276
3 D 111 254
4 E 128 232
5 F 147 214
6 G 172 198
7 H 194 190
8 I 214 178
9 J 243 171
10 K 268 164
11 L 292 163
12 M 316 159
13 N 343 159
14 O 367 159
15 P 387 160
16 Q 408 162
17 R 411 187
18 S 412 214
19 T 411 250
20 U 407 274
21 V 403 304
22 W 402 332
23 X 391 364
24 Y 383 400
25 Z 375 436
26 AA 360 470
27 AB 351 495
28 AC 338 527
29 AD 327 554
30 AE 314 575
31 AF 300 592
32 AG 286 619
33 AH 267 646
34 AI 248 666
35 AJ 226 688
36 AK 204 719
37 AL 186 736
38 AM 167 754
39 AN 150 774
40 AO 135 798
41 AP 124 824
42 AQ 131 848
43 AR 140 874
44 AS 162 898
45 AT 190 916
46 AU 214 924
47 AV 243 930
48 AW 274 931
49 AX 307 931
50 AY 330 923
51 AZ 358 906
52 BA 384 884
53 BB 406 863
54 BC 418 840
55 BD 435 815
56 BE 446 783
57 BF 458 750
58 BG 466 715
59 BH 472 678
60 BI 476 650
61 BJ 483 618
62 BK 487 588
63 BL 491 555
64 BM 494 522
65 BN 499 495
66 BO 507 458
67 BP 508 431
68 BQ 512 399
69 BR 512 374
70 BS 518 343
71 BT 520 314
72 BU 522 286
73 BV 526 258
74 BW 530 236
75 BX 534 208
76 BY 535 188
77 BZ 534 162
78 CA 563 162
79 CB 590 162
80 CC 623 162
81 CD 663 163
82 CE 700 164
83 CF 735 162
84 CG 762 166
85 CH 784 164
86 CI 814 166
87 CJ 814 194
88 CK 807 222
89 CL 804 252
90 CM 800 276
91 CN 796 308
92 CO 792 340
93 CP 788 374
94 CQ 786 412
95 CR 779 438
96 CS 774 467
97 CT 768 506
98 CU 768 535
99 CV 760 574
100 CW 755 614
101 CX 756 650
102 CY 752 684
103 CZ 751 718
104 DA 748 752
105 DB 756 784
106 DC 766 814
107 DD 786 840
108 DE 799 866
109 DF 823 883
110 DG 847 899
111 DH 872 912
112 DI 900 923
113 DJ 932 930
114 DK 968 935
115 DL 1004 936
116 DM 1040 934
117 DN 1068 927
118 DO 1095 916
119 DP 1120 903
120 DQ 1150 891
121 DR 1175 874
122 DS 1198 850
123 DT 1226 827
124 DU 1240 807
125 DV 1255 775
126 DW 1263 750
127 DX 1275 724
128 DY 1282 687
129 DZ 1282 662
130 EA 1254 660
131 EB 1232 660
132 EC 1224 694
133 ED 1216 716
134 EE 1198 744
135 EF 1175 759
136 EG 1151 770
137 EH 1124 774
138 EI 1088 779
139 EJ 1059 779
140 EK 1032 770
141 EL 1010 758
142 EM 982 735
143 EN 962 714
144 EO 958 691
145 EP 947 667
146 EQ 943 635
147 ER 942 606
148 ES 942 578
149 ET 943 547
150 EU 946 519
151 EV 947 496
152 EW 952 468
153 EX 955 432
154 EY 958 403
155 EZ 962 375
156 FA 966 348
157 FB 968 318
158 FC 971 288
159 FD 976 255
160 FE 978 227
161 FF 978 196
162 FG 978 178
163 FH 986 160
164 FI 1011 160
165 FJ 1036 160
166 FK 1066 160
167 FL 1088 159
168 FM 1116 162
169 FN 1158 166
170 FO 1188 159
171 FP 1212 160
172 FQ 1243 160
173 FR 1272 163
174 FS 1278 127
175 FT 1278 92
176 FU 1275 58
177 FV 1275 26
178 FW 1243 18
179 FX 1200 19
180 FY 1155 19
181 FZ 1115 19
182 GA 1091 19
183 GB 1058 16
184 GC 1018 18
185 GD 979 18
186 GE 943 18
187 GF 914 18
188 GG 884 16
189 GH 848 19
190 GI 806 20
191 GJ 771 20
192 GK 736 15
193 GL 704 18
194 GM 670 18
195 GN 636 19
196 GO 599 16
197 GP 559 19
198 GQ 516 22
199 GR 484 22
200 GS 454 22
201 GT 418 24
202 GU 375 28
203 GV 352 31
204 GW 319 34
205 GX 299 38
206 GY 267 47
207 GZ 232 51
208 HA 199 63
209 HB 174 75
210 HC 154 87
211 HD 134 106
212 HE 115 128
213 HF 100 152
214 HG 82 175
215 HH 72 196
216 HI 62 222
217 HJ 51 243
218 HK 38 268
219
0 0 1
1 1 2
2 2 3
3 3 4
4 4 5
5 5 6
6 6 7
7 7 8
8 8 9
9 9 10
10 10 11
11 11 12
12 12 13
13 13 14
14 14 15
15 15 16
16 16 17
17 17 18
18 18 19
19 19 20
20 20 21
21 21 22
22 22 23
23 23 24
24 24 25
25 25 26
26 26 27
27 27 28
28 28 29
29 29 30
30 30 31
31 31 32
32 32 33
33 33 34
34 34 35
35 35 36
36 36 37
37 37 38
38 38 39
39 39 40
40 40 41
41 41 42
42 42 43
43 43 44
44 44 45
45 45 46
46 46 47
47 47 48
48 48 49
49 49 50
50 50 51
51 51 52
52 52 53
53 53 54
54 54 55
55 55 56
56 56 57
57 57 58
58 58 59
59 59 60
60 60 61
61 61 62
62 62 63
63 63 64
64 64 65
65 65 66
66 66 67
67 67 68
68 68 69
69 69 70
70 70 71
71 71 72
72 72 73
73 73 74
74 74 75
75 75 76
76 76 77
77 77 78
78 78 79
79 79 80
80 80 81
81 81 82
82 82 83
83 83 84
84 84 85
85 85 86
86 86 87
87 87 88
88 88 89
89 89 90
90 90 91
91 91 92
92 92 93
93 93 94
94 94 95
95 95 96
96 96 97
97 97 98
98 98 99
99 99 100
100 100 101
101 101 102
102 102 103
103 103 104
104 104 105
105 105 106
106 106 107
107 107 108
108 108 109
109 109 110
110 110 111
111 111 112
112 112 113
113 113 114
114 114 115
115 115 116
116 116 117
117 117 118
118 118 119
119 119 120
120 120 121
121 121 122
122 122 123
123 123 124
124 124 125
125 125 126
126 126 127
127 127 128
128 128 129
129 129 130
130 130 131
131 131 132
132 132 133
133 133 134
134 134 135
135 135 136
136 136 137
137 137 138
138 138 139
139 139 140
140 140 141
141 141 142
142 142 143
143 143 144
144 144 145
145 145 146
146 146 147
147 147 148
148 148 149
149 149 150
150 150 151
151 151 152
152 152 153
153 153 154
154 154 155
155 155 156
156 156 157
157 157 158
158 158 159
159 159 160
160 160 161
161 161 162
162 162 163
163 163 164
164 164 165
165 165 166
166 166 167
167 167 168
168 168 169
169 169 170
170 170 171
171 171 172
172 172 173
173 173 174
174 174 175
175 175 176
176 176 177
177 177 178
178 178 179
179 179 180
180 180 181
181 181 182
182 182 183
183 183 184
184 184 185
185 185 186
186 186 187
187 187 188
188 188 189
189 189 190
190 190 191
191 191 192
192 192 193
193 193 194
194 194 195
195 195 196
196 196 197
197 197 198
198 198 199
199 199 200
200 200 201
201 201 202
202 202 203
203 203 204
204 204 205
205 205 206
206 206 207
207 207 208
208 208 209
209 209 210
210 210 211
211 211 212
212 212 213
213 213 214
214 214 215
215 215 216
216 216 217
217 217 218
218 218 0
