0
120
0 A 376 122
1 B 355 155
2 C 374 188
3 D 422 190
4 E 436 150
5 F 414 119
6 G 306 462
7 H 307 503
8 I 362 478
9 J 475 632
10 K 476 580
11 L 540 579
12 M 539 638
13 N 623 387
14 O 556 371
15 P 558 319
16 Q 588 292
17 R 636 290
18 S 678 302
19 T 676 342
20 U 666 370
21 V 747 100
22 W 692 104
23 X 688 142
24 Y 744 142
25 Z 747 180
26 AA 786 184
27 AB 794 134
28 AC 795 96
29 AD 839 514
30 AE 840 576
31 AF 908 631
32 AG 840 687
33 AH 923 496
34 AI 924 552
35 AJ 890 434
36 AK 1126 287
37 AL 1111 307
38 AM 1110 331
39 AN 1119 356
40 AO 1139 367
41 AP 1166 371
42 AQ 1187 363
43 AR 1202 339
44 AS 1208 316
45 AT 1206 295
46 AU 1192 280
47 AV 1180 268
48 AW 1162 264
49 AX 1142 266
50 AY 1259 444
51 AZ 1268 487
52 BA 1274 532
53 BB 1222 538
54 BC 1176 539
55 BD 1175 490
56 BE 1171 444
57 BF 1218 440
58 BG 1218 494
59 BH 1266 154
60 BI 1211 156
61 BJ 1155 155
62 BK 1107 155
63 BL 1062 190
64 BM 1034 232
65 BN 1007 271
66 BO 1014 340
67 BP 1016 400
68 BQ 1016 464
69 BR 1018 532
70 BS 1019 583
71 BT 1018 663
72 BU 1018 724
73 BV 1014 775
74 BW 938 783
75 BX 890 787
76 BY 830 784
77 BZ 756 788
78 CA 714 788
79 CB 712 735
80 CC 712 668
81 CD 706 592
82 CE 704 531
83 CF 703 480
84 CG 739 422
85 CH 778 372
86 CI 810 319
87 CJ 751 266
88 CK 711 240
89 CL 647 218
90 CM 595 202
91 CN 535 252
92 CO 495 332
93 CP 490 394
94 CQ 488 468
95 CR 562 512
96 CS 612 563
97 CT 622 639
98 CU 622 718
99 CV 622 795
100 CW 551 799
101 CX 500 798
102 CY 428 799
103 CZ 376 804
104 DA 376 742
105 DB 376 672
106 DC 378 618
107 DD 378 559
108 DE 418 512
109 DF 420 454
110 DG 418 391
111 DH 419 340
112 DI 410 284
113 DJ 446 231
114 DK 491 168
115 DL 520 120
116 DM 522 56
117 DN 432 56
118 DO 346 55
119 DP 344 98
163
0 0 1
1 1 2
2 2 3
3 3 4
4 4 5
5 5 0
6 0 3
7 3 5
8 5 1
9 1 4
10 4 2
11 2 0
12 2 6
13 6 7
14 7 8
15 8 6
16 7 9
17 9 10
18 10 11
19 11 12
20 12 9
21 9 11
22 10 12
23 12 13
24 13 14
25 14 15
26 15 16
27 16 17
28 17 18
29 18 19
30 19 20
31 20 13
32 13 15
33 15 17
34 17 14
35 14 20
36 20 16
37 16 19
38 18 21
39 21 22
40 22 23
41 23 24
42 24 25
43 25 26
44 26 27
45 27 28
46 28 21
47 21 23
48 23 25
49 25 27
50 27 24
51 24 26
52 26 29
53 29 30
54 30 31
55 31 32
56 32 33
57 33 29
58 29 30
59 30 34
60 34 31
61 31 29
62 29 35
63 35 33
64 33 36
65 36 37
66 37 38
67 38 39
68 39 40
69 40 41
70 41 42
71 42 43
72 43 44
73 44 45
74 45 46
75 46 47
76 47 48
77 48 49
78 49 36
79 36 43
80 43 38
81 38 47
82 47 40
83 40 44
84 44 36
85 36 42
86 42 46
87 42 50
88 50 51
89 51 52
90 52 53
91 53 54
92 54 55
93 55 56
94 56 57
95 57 58
96 58 56
97 56 51
98 51 53
99 53 55
100 55 50
101 50 59
102 59 60
103 60 61
104 61 62
105 62 63
106 63 64
107 64 65
108 65 66
109 66 67
110 67 68
111 68 69
112 69 70
113 70 71
114 71 72
115 72 73
116 73 74
117 74 75
118 75 76
119 76 77
120 77 78
121 78 79
122 79 80
123 80 81
124 81 82
125 82 83
126 83 84
127 84 85
128 85 86
129 86 87
130 87 88
131 88 89
132 89 90
133 90 91
134 91 92
135 92 93
136 93 94
137 94 95
138 95 96
139 96 97
140 97 98
141 98 99
142 99 100
143 100 101
144 101 102
145 102 103
146 103 104
147 104 105
148 105 106
149 106 107
150 107 108
151 108 109
152 109 110
153 110 111
154 111 112
155 112 113
156 113 114
157 114 115
158 115 116
159 116 117
160 117 118
161 118 119
162 119 0
