0
457
0 A 44 127
1 B 44 150
2 C 43 171
3 D 43 196
4 E 68 211
5 F 102 208
6 G 134 208
7 H 134 234
8 I 134 259
9 J 134 284
10 K 134 312
11 L 134 340
12 M 134 372
13 N 132 402
14 O 132 438
15 P 132 467
16 Q 134 495
17 R 135 518
18 S 135 548
19 T 134 583
20 U 134 606
21 V 134 640
22 W 134 667
23 X 134 695
24 Y 134 720
25 Z 134 747
26 AA 134 779
27 AB 164 787
28 AC 171 764
29 AD 172 732
30 AE 172 694
31 AF 172 678
32 AG 172 652
33 AH 171 624
34 AI 171 591
35 AJ 171 564
36 AK 172 538
37 AL 172 506
38 AM 174 479
39 AN 174 448
40 AO 174 420
41 AP 174 387
42 AQ 174 363
43 AR 175 330
44 AS 175 304
45 AT 175 283
46 AU 175 258
47 AV 174 232
48 AW 174 208
49 AX 196 208
50 AY 222 208
51 AZ 251 207
52 BA 256 170
53 BB 258 142
54 BC 259 127
55 BD 222 127
56 BE 198 127
57 BF 176 127
58 BG 159 127
59 BH 132 127
60 BI 115 127
61 BJ 92 127
62 BK 71 127
63 BL 278 123
64 BM 310 124
65 BN 312 151
66 BO 312 175
67 BP 312 195
68 BQ 312 216
69 BR 280 218
70 BS 278 196
71 BT 276 171
72 BU 276 154
73 BV 275 306
74 BW 276 338
75 BX 276 360
76 BY 276 390
77 BZ 276 419
78 CA 276 446
79 CB 276 476
80 CC 276 502
81 CD 278 531
82 CE 276 560
83 CF 275 586
84 CG 275 611
85 CH 275 626
86 CI 274 658
87 CJ 274 682
88 CK 274 710
89 CL 274 740
90 CM 275 763
91 CN 275 787
92 CO 312 790
93 CP 308 768
94 CQ 311 736
95 CR 314 708
96 CS 314 691
97 CT 314 671
98 CU 314 647
99 CV 314 619
100 CW 314 591
101 CX 314 563
102 CY 314 536
103 CZ 314 507
104 DA 314 486
105 DB 314 466
106 DC 314 442
107 DD 314 411
108 DE 314 382
109 DF 314 346
110 DG 312 314
111 DH 298 306
112 DI 368 168
113 DJ 367 196
114 DK 367 218
115 DL 367 238
116 DM 367 260
117 DN 367 280
118 DO 366 302
119 DP 351 302
120 DQ 339 303
121 DR 342 330
122 DS 342 348
123 DT 340 367
124 DU 364 370
125 DV 364 400
126 DW 364 426
127 DX 364 448
128 DY 364 468
129 DZ 364 496
130 EA 366 519
131 EB 366 544
132 EC 366 572
133 ED 364 603
134 EE 364 630
135 EF 366 670
136 EG 366 704
137 EH 371 734
138 EI 372 764
139 EJ 394 791
140 EK 428 790
141 EL 431 766
142 EM 432 743
143 EN 432 720
144 EO 415 715
145 EP 402 691
146 EQ 403 654
147 ER 403 627
148 ES 403 599
149 ET 403 582
150 EU 402 548
151 EV 402 526
152 EW 402 499
153 EX 402 468
154 EY 402 438
155 EZ 402 419
156 FA 402 398
157 FB 402 374
158 FC 432 371
159 FD 431 348
160 FE 431 326
161 FF 431 304
162 FG 410 303
163 FH 402 287
164 FI 402 259
165 FJ 402 236
166 FK 402 211
167 FL 403 187
168 FM 402 172
169 FN 543 290
170 FO 516 299
171 FP 503 311
172 FQ 494 328
173 FR 479 356
174 FS 467 379
175 FT 463 407
176 FU 458 435
177 FV 456 462
178 FW 452 491
179 FX 450 524
180 FY 447 556
181 FZ 447 582
182 GA 451 622
183 GB 455 659
184 GC 460 686
185 GD 471 723
186 GE 480 754
187 GF 496 778
188 GG 534 804
189 GH 564 804
190 GI 584 782
191 GJ 591 759
192 GK 616 723
193 GL 620 698
194 GM 626 664
195 GN 627 634
196 GO 631 599
197 GP 635 566
198 GQ 635 523
199 GR 635 495
200 GS 635 474
201 GT 630 440
202 GU 627 410
203 GV 619 379
204 GW 607 347
205 GX 596 326
206 GY 587 310
207 GZ 567 295
208 HA 542 359
209 HB 524 372
210 HC 507 394
211 HD 502 420
212 HE 496 451
213 HF 486 491
214 HG 486 531
215 HH 484 558
216 HI 486 587
217 HJ 487 618
218 HK 490 647
219 HL 507 676
220 HM 514 706
221 HN 543 722
222 HO 571 711
223 HP 583 676
224 HQ 586 652
225 HR 591 627
226 HS 595 592
227 HT 599 564
228 HU 599 531
229 HV 598 502
230 HW 594 471
231 HX 591 436
232 HY 584 406
233 HZ 575 379
234 IA 670 302
235 IB 672 327
236 IC 672 355
237 ID 672 378
238 IE 674 403
239 IF 668 435
240 IG 670 463
241 IH 674 495
242 II 672 532
243 IJ 672 554
244 IK 676 583
245 IL 676 612
246 IM 676 643
247 IN 672 683
248 IO 676 714
249 IP 683 748
250 IQ 696 771
251 IR 708 794
252 IS 742 795
253 IT 774 780
254 IU 784 760
255 IV 799 727
256 IW 804 743
257 IX 800 768
258 IY 822 784
259 IZ 831 760
260 JA 830 738
261 JB 831 710
262 JC 831 674
263 JD 831 652
264 JE 830 622
265 JF 830 600
266 JG 830 570
267 JH 831 538
268 JI 831 511
269 JJ 832 480
270 JK 832 459
271 JL 832 430
272 JM 832 410
273 JN 832 386
274 JO 832 362
275 JP 831 336
276 JQ 831 306
277 JR 796 303
278 JS 795 330
279 JT 796 351
280 JU 796 380
281 JV 798 406
282 JW 796 440
283 JX 796 468
284 JY 796 495
285 JZ 795 530
286 KA 796 554
287 KB 796 583
288 KC 792 624
289 KD 790 656
290 KE 780 687
291 KF 764 714
292 KG 744 722
293 KH 728 711
294 KI 714 686
295 KJ 711 656
296 KK 711 636
297 KL 707 603
298 KM 707 580
299 KN 706 548
300 KO 707 526
301 KP 706 490
302 KQ 706 466
303 KR 708 431
304 KS 707 402
305 KT 707 370
306 KU 707 343
307 KV 707 319
308 KW 707 303
309 KX 884 448
310 KY 915 450
311 KZ 916 423
312 LA 926 395
313 LB 935 376
314 LC 964 368
315 LD 980 372
316 LE 995 396
317 LF 1002 427
318 LG 1002 463
319 LH 987 486
320 LI 967 496
321 LJ 943 504
322 LK 919 512
323 LL 902 535
324 LM 888 564
325 LN 874 598
326 LO 874 627
327 LP 870 658
328 LQ 872 690
329 LR 878 728
330 LS 888 755
331 LT 903 783
332 LU 934 800
333 LV 966 794
334 LW 980 767
335 LX 1002 731
336 LY 1015 768
337 LZ 1035 795
338 MA 1055 792
339 MB 1056 758
340 MC 1056 724
341 MD 1039 715
342 ME 1039 690
343 MF 1036 651
344 MG 1036 628
345 MH 1035 600
346 MI 1036 567
347 MJ 1036 538
348 MK 1035 506
349 ML 1036 483
350 MM 1034 443
351 MN 1034 420
352 MO 1035 379
353 MP 1031 350
354 MQ 1018 316
355 MR 992 291
356 MS 968 291
357 MT 930 298
358 MU 915 314
359 MV 907 330
360 MW 895 352
361 MX 880 379
362 MY 880 403
363 MZ 880 427
364 NA 1004 542
365 NB 986 559
366 NC 960 570
367 ND 935 579
368 NE 920 600
369 NF 906 634
370 NG 906 666
371 NH 910 687
372 NI 923 722
373 NJ 956 727
374 NK 975 711
375 NL 991 675
376 NM 999 640
377 NN 999 620
378 NO 1004 594
379 NP 1004 566
380 NQ 1088 300
381 NR 1116 303
382 NS 1118 326
383 NT 1119 366
384 NU 1132 340
385 NV 1142 320
386 NW 1163 302
387 NX 1192 296
388 NY 1216 304
389 NZ 1231 319
390 OA 1239 352
391 OB 1248 379
392 OC 1250 408
393 OD 1250 428
394 OE 1252 463
395 OF 1252 492
396 OG 1252 519
397 OH 1255 555
398 OI 1255 582
399 OJ 1255 611
400 OK 1255 636
401 OL 1255 664
402 OM 1256 702
403 ON 1256 728
404 OO 1256 756
405 OP 1254 782
406 OQ 1215 784
407 OR 1215 763
408 OS 1215 746
409 OT 1215 712
410 OU 1216 676
411 OV 1216 647
412 OW 1218 618
413 OX 1218 598
414 OY 1218 575
415 OZ 1216 547
416 PA 1216 522
417 PB 1216 502
418 PC 1216 455
419 PD 1211 430
420 PE 1206 404
421 PF 1195 383
422 PG 1167 375
423 PH 1142 394
424 PI 1138 416
425 PJ 1128 438
426 PK 1128 455
427 PL 1119 494
428 PM 1123 530
429 PN 1126 559
430 PO 1127 587
431 PP 1127 619
432 PQ 1127 643
433 PR 1124 672
434 PS 1124 702
435 PT 1124 735
436 PU 1130 767
437 PV 1122 784
438 PW 1092 787
439 PX 1092 763
440 PY 1092 736
441 PZ 1092 710
442 QA 1092 686
443 QB 1092 663
444 QC 1088 631
445 QD 1087 615
446 QE 1090 594
447 QF 1091 564
448 QG 1090 538
449 QH 1088 512
450 QI 1090 479
451 QJ 1091 444
452 QK 1091 426
453 QL 1090 398
454 QM 1087 376
455 QN 1084 358
456 QO 1088 327
457
0 0 1
1 1 2
2 2 3
3 3 4
4 4 5
5 5 6
6 6 7
7 7 8
8 8 9
9 9 10
10 10 11
11 11 12
12 12 13
13 13 14
14 14 15
15 15 16
16 16 17
17 17 18
18 18 19
19 19 20
20 20 21
21 21 22
22 22 23
23 23 24
24 24 25
25 25 26
26 26 27
27 27 28
28 28 29
29 29 30
30 30 31
31 31 32
32 32 33
33 33 34
34 34 35
35 35 36
36 36 37
37 37 38
38 38 39
39 39 40
40 40 41
41 41 42
42 42 43
43 43 44
44 44 45
45 45 46
46 46 47
47 47 48
48 48 49
49 49 50
50 50 51
51 51 52
52 52 53
53 53 54
54 54 55
55 55 56
56 56 57
57 57 58
58 58 59
59 59 60
60 60 61
61 61 62
62 62 0
63 63 64
64 64 65
65 65 66
66 66 67
67 67 68
68 68 69
69 69 70
70 70 71
71 71 72
72 72 63
73 73 74
74 74 75
75 75 76
76 76 77
77 77 78
78 78 79
79 79 80
80 80 81
81 81 82
82 82 83
83 83 84
84 84 85
85 85 86
86 86 87
87 87 88
88 88 89
89 89 90
90 90 91
91 91 92
92 92 93
93 93 94
94 94 95
95 95 96
96 96 97
97 97 98
98 98 99
99 99 100
100 100 101
101 101 102
102 102 103
103 103 104
104 104 105
105 105 106
106 106 107
107 107 108
108 108 109
109 109 110
110 110 111
111 111 73
112 112 113
113 113 114
114 114 115
115 115 116
116 116 117
117 117 118
118 118 119
119 119 120
120 120 121
121 121 122
122 122 123
123 123 124
124 124 125
125 125 126
126 126 127
127 127 128
128 128 129
129 129 130
130 130 131
131 131 132
132 132 133
133 133 134
134 134 135
135 135 136
136 136 137
137 137 138
138 138 139
139 139 140
140 140 141
141 141 142
142 142 143
143 143 144
144 144 145
145 145 146
146 146 147
147 147 148
148 148 149
149 149 150
150 150 151
151 151 152
152 152 153
153 153 154
154 154 155
155 155 156
156 156 157
157 157 158
158 158 159
159 159 160
160 160 161
161 161 162
162 162 163
163 163 164
164 164 165
165 165 166
166 166 167
167 167 168
168 168 112
169 169 170
170 170 171
171 171 172
172 172 173
173 173 174
174 174 175
175 175 176
176 176 177
177 177 178
178 178 179
179 179 180
180 180 181
181 181 182
182 182 183
183 183 184
184 184 185
185 185 186
186 186 187
187 187 188
188 188 189
189 189 190
190 190 191
191 191 192
192 192 193
193 193 194
194 194 195
195 195 196
196 196 197
197 197 198
198 198 199
199 199 200
200 200 201
201 201 202
202 202 203
203 203 204
204 204 205
205 205 206
206 206 207
207 207 169
208 208 209
209 209 210
210 210 211
211 211 212
212 212 213
213 213 214
214 214 215
215 215 216
216 216 217
217 217 218
218 218 219
219 219 220
220 220 221
221 221 222
222 222 223
223 223 224
224 224 225
225 225 226
226 226 227
227 227 228
228 228 229
229 229 230
230 230 231
231 231 232
232 232 233
233 233 208
234 234 235
235 235 236
236 236 237
237 237 238
238 238 239
239 239 240
240 240 241
241 241 242
242 242 243
243 243 244
244 244 245
245 245 246
246 246 247
247 247 248
248 248 249
249 249 250
250 250 251
251 251 252
252 252 253
253 253 254
254 254 255
255 255 256
256 256 257
257 257 258
258 258 259
259 259 260
260 260 261
261 261 262
262 262 263
263 263 264
264 264 265
265 265 266
266 266 267
267 267 268
268 268 269
269 269 270
270 270 271
271 271 272
272 272 273
273 273 274
274 274 275
275 275 276
276 276 277
277 277 278
278 278 279
279 279 280
280 280 281
281 281 282
282 282 283
283 283 284
284 284 285
285 285 286
286 286 287
287 287 288
288 288 289
289 289 290
290 290 291
291 291 292
292 292 293
293 293 294
294 294 295
295 295 296
296 296 297
297 297 298
298 298 299
299 299 300
300 300 301
301 301 302
302 302 303
303 303 304
304 304 305
305 305 306
306 306 307
307 307 308
308 308 234
309 309 310
310 310 311
311 311 312
312 312 313
313 313 314
314 314 315
315 315 316
316 316 317
317 317 318
318 318 319
319 319 320
320 320 321
321 321 322
322 322 323
323 323 324
324 324 325
325 325 326
326 326 327
327 327 328
328 328 329
329 329 330
330 330 331
331 331 332
332 332 333
333 333 334
334 334 335
335 335 336
336 336 337
337 337 338
338 338 339
339 339 340
340 340 341
341 341 342
342 342 343
343 343 344
344 344 345
345 345 346
346 346 347
347 347 348
348 348 349
349 349 350
350 350 351
351 351 352
352 352 353
353 353 354
354 354 355
355 355 356
356 356 357
357 357 358
358 358 359
359 359 360
360 360 361
361 361 362
362 362 363
363 363 309
364 364 365
365 365 366
366 366 367
367 367 368
368 368 369
369 369 370
370 370 371
371 371 372
372 372 373
373 373 374
374 374 375
375 375 376
376 376 377
377 377 378
378 378 379
379 379 364
380 380 381
381 381 382
382 382 383
383 383 384
384 384 385
385 385 386
386 386 387
387 387 388
388 388 389
389 389 390
390 390 391
391 391 392
392 392 393
393 393 394
394 394 395
395 395 396
396 396 397
397 397 398
398 398 399
399 399 400
400 400 401
401 401 402
402 402 403
403 403 404
404 404 405
405 405 406
406 406 407
407 407 408
408 408 409
409 409 410
410 410 411
411 411 412
412 412 413
413 413 414
414 414 415
415 415 416
416 416 417
417 417 418
418 418 419
419 419 420
420 420 421
421 421 422
422 422 423
423 423 424
424 424 425
425 425 426
426 426 427
427 427 428
428 428 429
429 429 430
430 430 431
431 431 432
432 432 433
433 433 434
434 434 435
435 435 436
436 436 437
437 437 438
438 438 439
439 439 440
440 440 441
441 441 442
442 442 443
443 443 444
444 444 445
445 445 446
446 446 447
447 447 448
448 448 449
449 449 450
450 450 451
451 451 452
452 452 453
453 453 454
454 454 455
455 455 456
456 456 380
